Precision: 0.425934428181313

Recall: 0.4254988163679405

F-Measure: 0.4114830522874771

False Positve Rate: 0.2046282505983929

True Positve Rate: 0.4254988163679405

Confusion metrics: 
0.0    2.0    0.0    0.0    0.0     0.0     2.0     
124.0  424.0  168.0  106.0  124.0   90.0    275.0   
150.0  158.0  455.0  204.0  176.0   162.0   492.0   
236.0  126.0  237.0  706.0  445.0   351.0   1095.0  
203.0  101.0  199.0  427.0  1258.0  859.0   1803.0  
245.0  111.0  158.0  366.0  737.0   2033.0  3956.0  
462.0  102.0  216.0  385.0  519.0   1416.0  7706.0  
