Precision: 0.19368827888738488

Recall: 0.17367835093282954

F-Measure: 0.16413244739265667

False Positve Rate: 0.05656876187891288

True Positve Rate: 0.17367835093282954

Confusion metrics: 
0.0  2.0   0.0   0.0   0.0   0.0   0.0   0.0   0.0   0.0   0.0   ... (31 total)
0.0  37.0  16.0  15.0  5.0   4.0   2.0   3.0   2.0   0.0   2.0   ...
0.0  21.0  45.0  7.0   8.0   6.0   1.0   1.0   0.0   3.0   4.0   ...
0.0  11.0  19.0  47.0  12.0  5.0   4.0   1.0   3.0   4.0   3.0   ...
0.0  12.0  25.0  4.0   58.0  10.0  11.0  7.0   1.0   2.0   2.0   ...
0.0  4.0   16.0  7.0   9.0   34.0  5.0   8.0   9.0   0.0   4.0   ...
0.0  1.0   10.0  4.0   9.0   11.0  29.0  5.0   8.0   5.0   2.0   ...
0.0  2.0   10.0  7.0   15.0  9.0   7.0   35.0  5.0   2.0   3.0   ...
0.0  7.0   7.0   5.0   6.0   4.0   7.0   6.0   28.0  12.0  9.0   ...
0.0  3.0   6.0   4.0   6.0   5.0   11.0  8.0   10.0  31.0  8.0   ...
0.0  1.0   7.0   5.0   11.0  1.0   6.0   18.0  13.0  7.0   48.0  ...
0.0  3.0   10.0  2.0   4.0   1.0   3.0   7.0   4.0   6.0   10.0  ...
0.0  8.0   0.0   1.0   1.0   12.0  4.0   5.0   8.0   9.0   11.0  ...
0.0  5.0   2.0   11.0  4.0   7.0   3.0   3.0   6.0   5.0   12.0  ...
0.0  4.0   3.0   6.0   13.0  5.0   6.0   2.0   9.0   8.0   10.0  ...
0.0  4.0   11.0  8.0   3.0   5.0   2.0   9.0   6.0   2.0   8.0   ...
0.0  4.0   7.0   3.0   4.0   12.0  9.0   5.0   8.0   4.0   8.0   ...
0.0  7.0   2.0   9.0   5.0   4.0   4.0   6.0   6.0   2.0   9.0   ...
0.0  4.0   7.0   6.0   8.0   1.0   8.0   3.0   3.0   2.0   6.0   ...
0.0  3.0   5.0   4.0   3.0   2.0   4.0   4.0   7.0   0.0   4.0   ...
1.0  3.0   6.0   2.0   6.0   3.0   4.0   6.0   4.0   4.0   2.0   ...
0.0  2.0   0.0   2.0   3.0   1.0   5.0   2.0   8.0   5.0   7.0   ...
0.0  1.0   4.0   4.0   11.0  5.0   3.0   4.0   2.0   1.0   4.0   ...
0.0  9.0   1.0   3.0   7.0   2.0   6.0   5.0   5.0   2.0   5.0   ...
0.0  6.0   4.0   1.0   3.0   4.0   11.0  6.0   1.0   3.0   13.0  ...
0.0  5.0   8.0   6.0   3.0   4.0   2.0   3.0   2.0   1.0   6.0   ...
0.0  6.0   16.0  6.0   12.0  7.0   1.0   10.0  1.0   3.0   1.0   ...
0.0  9.0   9.0   1.0   4.0   0.0   3.0   6.0   7.0   6.0   6.0   ...
0.0  0.0   6.0   4.0   4.0   0.0   1.0   4.0   4.0   5.0   12.0  ...
0.0  1.0   6.0   6.0   6.0   10.0  9.0   5.0   3.0   1.0   1.0   ...
0.0  5.0   4.0   1.0   1.0   2.0   1.0   9.0   1.0   7.0   5.0   ...
