Precision: 0.4290169875989811

Recall: 0.4416728549247283

F-Measure: 0.4022252456275819

False Positve Rate: 0.24566566211684213

True Positve Rate: 0.4416728549247283

Confusion metrics: 
1.0  1.0    0.0    0.0    3.0     0.0     2.0     
0.0  419.0  114.0  89.0   72.0    47.0    536.0   
0.0  137.0  340.0  179.0  107.0   153.0   874.0   
0.0  115.0  137.0  707.0  375.0   299.0   1576.0  
0.0  99.0   95.0   352.0  1098.0  745.0   2478.0  
0.0  105.0  92.0   248.0  577.0   1852.0  4794.0  
0.0  103.0  79.0   240.0  426.0   1292.0  8668.0  
