[1956,TRBCCQK128F92E39CD,"Away Rio",SOCWPVB12A8C143229,"Across The Seven Seas",ARN69L01187B99DFFA,086c1936-9eaa-4091-b140-ad33a51a3b71,"Burl Ives & Ralph Hunter Singers",155.03628,0.675381974887,0.593070731829,3,1.0;0.0,295.0;113.0;24.0;54.0;245.0;548.0;240.0;79.0;36.0;91.0;191.0;30.0;92.0;601.0;248.0;63.0;1.0;16.0;41.0;341.0;20.0;1118.0;4.0;7.0;93.0;166.0;58.0;205.0;500.0;105.0;371.0;2.0;13.0;0.0;141.0;2543.0;65.0;19.0;50.0;148.0;25.0;570.0;5.0;38.0;26.0;165.0]
[1956,TRYXDXN128F92E39D3,"Ben Backstay",SOMYLGE12A8C14323A,"Across The Seven Seas",ARN69L01187B99DFFA,086c1936-9eaa-4091-b140-ad33a51a3b71,"Burl Ives & Ralph Hunter Singers",183.17016,0.675381974887,0.593070731829,2,1.0;0.0,295.0;113.0;24.0;54.0;245.0;548.0;240.0;79.0;36.0;91.0;191.0;30.0;92.0;601.0;248.0;63.0;1.0;16.0;41.0;341.0;20.0;1118.0;4.0;7.0;93.0;166.0;58.0;205.0;500.0;105.0;371.0;2.0;13.0;0.0;141.0;2543.0;65.0;19.0;50.0;148.0;25.0;570.0;5.0;38.0;26.0;165.0]
[1956,TRYMPVA128F92E39C8,"Jack Was Every Inch A Sailor",SOKXWXC12A8C143214,"Across The Seven Seas",ARN69L01187B99DFFA,086c1936-9eaa-4091-b140-ad33a51a3b71,"Burl Ives & Ralph Hunter Singers",162.87302,0.675381974887,0.593070731829,1,1.0;0.0,295.0;113.0;24.0;54.0;245.0;548.0;240.0;79.0;36.0;91.0;191.0;30.0;92.0;601.0;248.0;63.0;1.0;16.0;41.0;341.0;20.0;1118.0;4.0;7.0;93.0;166.0;58.0;205.0;500.0;105.0;371.0;2.0;13.0;0.0;141.0;2543.0;65.0;19.0;50.0;148.0;25.0;570.0;5.0;38.0;26.0;165.0]
[1956,TRYNUHD128F92E10F8,Django,SOPLICH12A8C141FE5,"Sweet & Lovely",AROSPS51187B9B481F,744b52c8-509b-4451-abfd-a17d18d4bd1d,"Vince Guaraldi",298.78812,0.736267226578,0.693402077742,135,1.0,113.0;52.0;8.0;18.0;24.0;304.0;74.0;45.0;240.0;36.0;91.0;215.0;181.0;297.0;31.0;17.0;63.0;1.0;16.0;715.0;118.0;94.0;20.0;9.0;43.0;7.0;525.0;211.0;193.0;100.0;2.0;86.0;14.0;184.0;0.0;131.0;19.0;50.0;148.0;5.0]
[1956,TRMVDGI128F92E10ED,"Three Coins In A Fountain",SOGTBOJ12A8C14201B,"Sweet & Lovely",AROSPS51187B9B481F,744b52c8-509b-4451-abfd-a17d18d4bd1d,"Vince Guaraldi",250.48771,0.736267226578,0.693402077742,98,1.0,113.0;52.0;8.0;18.0;24.0;304.0;74.0;45.0;240.0;36.0;91.0;215.0;181.0;297.0;31.0;17.0;63.0;1.0;16.0;715.0;118.0;94.0;20.0;9.0;43.0;7.0;525.0;211.0;193.0;100.0;2.0;86.0;14.0;184.0;0.0;131.0;19.0;50.0;148.0;5.0]
[1956,TRQJLJW128F148C984,Bambino,SOLWYMV12A6D4F8F80,"40 Succes En Or",ARBERTC1187B9ABD80,1598ccda-b164-4bff-9821-f9ff5a8587a8,Dalida,210.70322,0.623327782192,0.40190711018,464,16.0,102.0;1446.0;54.0;28.0;214.0;116.0;36.0;30.0;31.0;272.0;51.0;23.0;17.0;63.0;1.0;88.0;35.0;16.0;53.0;27.0;185.0;162.0;42.0;4.0;6.0;12.0;132.0;7.0;39.0;378.0;48.0;2.0;89.0;13.0;57.0;87.0;0.0;274.0;258.0;19.0;145.0;25.0;387.0;49.0;22.0;150.0;56.0;38.0;26.0;165.0]
[1956,TRPXAVG128F427D3C7,"Little Demon",SOTYITM12A58A7F111,"Cow Fingers And Mosquito Pie",ARWVOHH1187FB5974B,185af318-55c7-405f-8b00-0fa308e56da9,"Screaming Jay Hawkins",145.162,0.719492291264,0.467565441274,392,0.0,295.0;113.0;110.0;8.0;24.0;129.0;28.0;85.0;36.0;191.0;399.0;73.0;11.0;27.0;213.0;196.0;183.0;7.0;653.0;58.0;37.0;105.0;62.0;305.0;69.0;44.0;355.0;0.0;137.0;141.0;1393.0;40.0;19.0;5.0;38.0]
[1956,TRAHSYA128F428143A,"I Put a Spell on You",SOQLGZH12AF729B7CF,"I Put a Spell on You: The Best Of",ARWVOHH1187FB5974B,185af318-55c7-405f-8b00-0fa308e56da9,"Screamin' Jay Hawkins",211.33016,0.719492291264,0.467565441274,348,0.0,295.0;113.0;110.0;8.0;24.0;129.0;28.0;85.0;36.0;191.0;399.0;73.0;11.0;27.0;213.0;196.0;183.0;7.0;653.0;58.0;37.0;105.0;62.0;305.0;69.0;44.0;355.0;0.0;137.0;141.0;1393.0;40.0;19.0;5.0;38.0]
[1956,TRVGIBX12903CC2904,"12th Street Rag",SOTTFOM12A6D4F6D7B,"Chet Atkins - 20th Century Guitar Master",AR3DYAD1187FB3964E,5810667a-9db6-4fd0-abac-667cdac5d415,"Chet Atkins",140.53832,0.586304844629,0.414578836544,2,1.0;27.0;32.0;8.0;22.0,295.0;32.0;501.0;8.0;18.0;24.0;146.0;78.0;265.0;28.0;493.0;91.0;30.0;461.0;92.0;63.0;16.0;196.0;47.0;448.0;463.0;43.0;7.0;166.0;58.0;105.0;67.0;184.0;0.0;141.0;40.0;131.0;612.0;148.0;430.0]
[1956,TRUGFZM12903CC04E3,"Love Me",SOEWGGU12A8C133950,"100 Love Evergreen",ARULZ741187B9AD2EF,01809552-4f87-45b0-afff-2c6f0730a3be,"Elvis Presley",163.52608,0.784704224711,0.623782610977,1590,1.0;37.0;0.0;32.0;176.0;1680.0;5.0;127.0;253.0;79.0,113.0;32.0;54.0;149.0;28.0;79.0;36.0;30.0;135.0;196.0;47.0;7.0;166.0;100.0;2.0;13.0;0.0;141.0;210.0;119.0;217.0;233.0;19.0;50.0;38.0]
[1956,TRESXGW128F426425A,"Down Home Special",SOVZKUJ12A58A7DAB7,"The Story Of Bo Diddley: Very Best Of",AR27AEB1187B98D39D,bf659d74-0b61-488c-8a7d-594f43bed9e0,"Bo Diddley",191.97342,0.666186772457,0.461696963365,14,1.0;37.0;5.0;4.0;127.0,295.0;113.0;110.0;8.0;24.0;146.0;28.0;85.0;107.0;237.0;450.0;79.0;36.0;248.0;72.0;357.0;1170.0;1.0;11.0;53.0;27.0;118.0;47.0;448.0;664.0;97.0;7.0;653.0;58.0;98.0;193.0;105.0;2.0;13.0;62.0;69.0;0.0;137.0;141.0;210.0;40.0;19.0;5.0]
[1956,TRHUTFM128F93192B3,"Je Me Suis Fait Tout Petit",SOIBQMZ12A8C132A3C,"Georges Brassens-N 4",ARLV8S31187B988B71,b58165ba-ac55-49a1-8855-caf16c68f5f2,"Georges Brassens",235.04934,0.633408899496,0.39428966212,6,355.0;368.0;139.0;41.0;114.0;54.0;73.0;80.0;16.0;201.0;274.0;132.0;140.0;79.0;527.0,295.0;113.0;32.0;8.0;18.0;78.0;107.0;116.0;453.0;79.0;1248.0;30.0;63.0;99.0;16.0;41.0;609.0;53.0;2018.0;489.0;47.0;665.0;462.0;698.0;7.0;93.0;253.0;58.0;124.0;98.0;1017.0;371.0;2.0;0.0;40.0;233.0;115.0;260.0;26.0]
[1956,TRMFWZK128F92E3081,"Bad Luck",SOLRNGT12A8A9D8956,"Singin' The Blues",AR4GAFY1187B9B639D,dcb03ce3-67a5-4eb3-b2d1-2a12d93a38f3,"B.B. King",171.4673,0.708735400038,0.542289933434,119,37.0;280.0;26.0;1777.0;763.0,295.0;32.0;28.0;85.0;79.0;30.0;290.0;357.0;161.0;47.0;259.0;43.0;7.0;124.0;518.0;2.0;0.0]
[1956,TRQKNVC12903CB0448,"Bad Luck",SODSPJZ12A8AE47A81,"The Fabulous B B King",AR4GAFY1187B9B639D,dcb03ce3-67a5-4eb3-b2d1-2a12d93a38f3,"B.B. King",171.25832,0.708735400038,0.535657889199,249,37.0;280.0;26.0;1777.0;763.0,295.0;32.0;28.0;85.0;79.0;30.0;290.0;357.0;161.0;47.0;259.0;43.0;7.0;124.0;518.0;2.0;0.0]
[1956,TRRUYYD128F933D9D4,"Jamaica Farewell",SORMEUJ12A8C13D2B9,"An Evening With Belafonte",ARHLSMN1187B98D8D7,49c48b7f-1ff1-4f02-a1aa-ca1254b46ef2,"Harry Belafonte",167.18322,0.667204447187,0.508376104749,9,1.0;2284.0;0.0,8.0;3.0;54.0;28.0;403.0;45.0;36.0;30.0;290.0;31.0;63.0;1.0;16.0;341.0;27.0;20.0;42.0;4.0;9.0;252.0;7.0;142.0;39.0;175.0;378.0;37.0;48.0;105.0;497.0;2.0;13.0;103.0;14.0;44.0;34.0;0.0;141.0;274.0;40.0;83.0;19.0;50.0;221.0;38.0;337.0;26.0]
[1956,TRGFCTF12903D01C41,"Smokestack Lightning",SOQVAPZ12AC9071B98,"Definitive Americana",ARUGAPO1187B9B21DB,ca5b38c2-f39d-45a4-ad3d-daf4448846ef,"Howlin' Wolf",185.36444,0.753313690782,0.465164841618,999,37.0;0.0,113.0;110.0;32.0;308.0;24.0;54.0;28.0;85.0;855.0;450.0;79.0;36.0;290.0;399.0;357.0;1170.0;41.0;27.0;101.0;20.0;47.0;42.0;664.0;97.0;7.0;1977.0;596.0;58.0;1684.0;105.0;2.0;81.0;67.0;14.0;69.0;34.0;0.0;141.0;40.0;19.0;242.0;5.0;26.0]
[1956,TRIWBXM128F9350128,"Roll Over Beethoven",SOLPFNY12A8C134C25,"All The '50s Hits Vol. 1",AR6NBDC1187FB4D96D,592a3b6d-c42b-4567-99c9-ecf63bd66499,"Chuck Berry",147.06893,0.735926365084,0.601693609028,7166,1.0;0.0;5.0;127.0,79.0;36.0;30.0;47.0;1324.0;43.0;105.0;100.0;2.0;0.0;141.0]
[1956,TRPRUHL128F424DC93,"Strode Rode",SOGRXFP12A58A79082,"Sonny Rollins [2-fer]",AR6Q4T91187B995616,3b47247e-5b57-49b6-a0ed-bad80243802a,"Sonny Rollins",314.90567,0.740930177601,0.427419670574,186,1.0;22.0,113.0;110.0;52.0;8.0;24.0;143.0;327.0;28.0;403.0;79.0;91.0;215.0;297.0;23.0;99.0;301.0;199.0;53.0;27.0;118.0;20.0;331.0;9.0;43.0;7.0;139.0;285.0;39.0;175.0;166.0;111.0;100.0;381.0;0.0;309.0;136.0;131.0;19.0;148.0;5.0;358.0]
[1956,TRNTEZD128F424C86A,"I've Grown Accustomed To Your Face",SOPSUPF12A8C133602,"Rollins Plays For Byrd",AR6Q4T91187B995616,3b47247e-5b57-49b6-a0ed-bad80243802a,"Sonny Rollins / Kenny Dorham / Max Roach",292.38812,0.742098566521,0.427419670574,3,1.0;22.0,113.0;110.0;52.0;8.0;24.0;143.0;327.0;28.0;403.0;79.0;91.0;215.0;297.0;23.0;99.0;301.0;199.0;53.0;27.0;118.0;20.0;331.0;9.0;43.0;7.0;139.0;285.0;39.0;175.0;166.0;111.0;100.0;381.0;0.0;309.0;136.0;131.0;19.0;148.0;5.0;358.0]
[1956,TRICHFK12903CE64A8,"Violent Love",SOGGREW12AC3DF8351,"Violent Love",ARRH52A1187B9ABAF0,40ee7c92-f44a-4d14-9aee-f87244465ee4,"Otis Rush",153.65179,0.606518209209,0.365487160468,162,1.0;520.0;280.0,295.0;113.0;110.0;3.0;24.0;78.0;28.0;85.0;855.0;450.0;677.0;36.0;91.0;30.0;290.0;92.0;399.0;357.0;99.0;53.0;160.0;47.0;448.0;664.0;4.0;12.0;7.0;525.0;596.0;58.0;124.0;390.0;497.0;1006.0;2.0;13.0;69.0;0.0;19.0;145.0;50.0;242.0;578.0;939.0;5.0]
[1956,TRCDRGT12903CE64BF,"My Love Will Never Die",SOCSTEA12AB018AFAC,"Violent Love",ARRH52A1187B9ABAF0,40ee7c92-f44a-4d14-9aee-f87244465ee4,"Otis Rush",188.62975,0.606518209209,0.365487160468,18,1.0;520.0;280.0,295.0;113.0;110.0;3.0;24.0;78.0;28.0;85.0;855.0;450.0;677.0;36.0;91.0;30.0;290.0;92.0;399.0;357.0;99.0;53.0;160.0;47.0;448.0;664.0;4.0;12.0;7.0;525.0;596.0;58.0;124.0;390.0;497.0;1006.0;2.0;13.0;69.0;0.0;19.0;145.0;50.0;242.0;578.0;939.0;5.0]
[1956,TRGYLQI12903CE64AC,"Sit Down Baby",SONYRGE12AC3DF838A,"Violent Love",ARRH52A1187B9ABAF0,40ee7c92-f44a-4d14-9aee-f87244465ee4,"Otis Rush",142.62812,0.606518209209,0.365487160468,198,1.0;520.0;280.0,295.0;113.0;110.0;3.0;24.0;78.0;28.0;85.0;855.0;450.0;677.0;36.0;91.0;30.0;290.0;92.0;399.0;357.0;99.0;53.0;160.0;47.0;448.0;664.0;4.0;12.0;7.0;525.0;596.0;58.0;124.0;390.0;497.0;1006.0;2.0;13.0;69.0;0.0;19.0;145.0;50.0;242.0;578.0;939.0;5.0]
[1956,TRZAXHQ128F4289D59,"Summertime (From ""Porgy and Bess"")",SOKNUAZ12A8C13A051,"Stormy Weather",ARCBIJY1187FB597E4,0031bc7a-1b6f-4620-99db-5202405b0749,"Lena Horne",174.62812,0.741662290648,0.461296673743,24,1.0;2019.0;22.0;11.0,657.0;295.0;24.0;245.0;28.0;304.0;403.0;240.0;181.0;23.0;455.0;63.0;1.0;90.0;35.0;195.0;161.0;6.0;7.0;139.0;404.0;93.0;111.0;229.0;105.0;363.0;2.0;13.0;381.0;424.0;34.0;0.0;309.0;136.0;639.0;131.0;19.0;145.0;50.0;148.0;617.0;5.0;38.0;337.0]
[1956,TRZFKHJ128F4250FFC,"September Song",SOAEEGL12A81C2181E,"Latin Kick",AR9ST641187B99B4DE,1015b5e3-8e3d-4d78-806a-c530cf742e66,"Cal Tjader",180.81914,0.624200327635,0.369076870549,57,22.0;512.0,102.0;28.0;661.0;214.0;811.0;833.0;33.0;152.0;403.0;297.0;92.0;51.0;23.0;17.0;46.0;63.0;1.0;21.0;374.0;41.0;301.0;199.0;27.0;118.0;94.0;331.0;4.0;6.0;7.0;139.0;39.0;175.0;378.0;618.0;2.0;13.0;381.0;57.0;34.0;0.0;459.0;274.0;258.0;147.0;131.0;145.0;50.0;49.0;22.0]
[1956,TRAFMNM128F4251008,"Manuel's Mambo",SOFBBXV12A81C21835,"Latin Kick",AR9ST641187B99B4DE,1015b5e3-8e3d-4d78-806a-c530cf742e66,"Cal Tjader",197.22404,0.624200327635,0.369076870549,1238,22.0;512.0,102.0;28.0;661.0;214.0;811.0;833.0;33.0;152.0;403.0;297.0;92.0;51.0;23.0;17.0;46.0;63.0;1.0;21.0;374.0;41.0;301.0;199.0;27.0;118.0;94.0;331.0;4.0;6.0;7.0;139.0;39.0;175.0;378.0;618.0;2.0;13.0;381.0;57.0;34.0;0.0;459.0;274.0;258.0;147.0;131.0;145.0;50.0;49.0;22.0]
[1956,TRZWTRT128F429C1EF,"You'd Be So Nice To Come Home To",SOELWVX12A8C13B1AF,"Jazz Advance",ARHW1YN1187FB3E713,0d06bb57-c3b6-4188-9b73-826c41c3e29e,"Cecil Taylor",557.37424,0.588471132828,0.402665854566,14,22.0;26.0,66.0;657.0;295.0;113.0;110.0;52.0;61.0;102.0;24.0;143.0;107.0;181.0;1.0;389.0;99.0;11.0;301.0;199.0;53.0;118.0;94.0;20.0;174.0;331.0;445.0;43.0;97.0;134.0;7.0;525.0;111.0;321.0;100.0;381.0;0.0;309.0;221.0;260.0;148.0;343.0;5.0]
[1956,TRRPOZW128F429C1E8,"Bemsha Swing",SOUXYRV12A8C13B194,"Jazz Advance",ARHW1YN1187FB3E713,0d06bb57-c3b6-4188-9b73-826c41c3e29e,"Cecil Taylor",446.79791,0.588471132828,0.402665854566,3,22.0;26.0,66.0;657.0;295.0;113.0;110.0;52.0;61.0;102.0;24.0;143.0;107.0;181.0;1.0;389.0;99.0;11.0;301.0;199.0;53.0;118.0;94.0;20.0;174.0;331.0;445.0;43.0;97.0;134.0;7.0;525.0;111.0;321.0;100.0;381.0;0.0;309.0;221.0;260.0;148.0;343.0;5.0]
[1956,TRPLXUO128F429C1F1,"Rick Kick Shaw",SOHDZSG12A8C13B1B8,"Jazz Advance",ARHW1YN1187FB3E713,0d06bb57-c3b6-4188-9b73-826c41c3e29e,"Cecil Taylor",365.89669,0.796357078697,0.402665854566,14,22.0;26.0,66.0;657.0;295.0;113.0;110.0;52.0;61.0;102.0;24.0;143.0;107.0;181.0;1.0;389.0;99.0;11.0;301.0;199.0;53.0;118.0;94.0;20.0;174.0;331.0;445.0;43.0;97.0;134.0;7.0;525.0;111.0;321.0;100.0;381.0;0.0;309.0;221.0;260.0;148.0;343.0;5.0]
[1956,TRTSMPA128F429C1EA,"Charge 'Em Blues",SOSUORT12A58A7CA81,"Jazz Advance",ARHW1YN1187FB3E713,0d06bb57-c3b6-4188-9b73-826c41c3e29e,"Cecil Taylor",665.67791,0.588471132828,0.402665854566,1,22.0;26.0,66.0;657.0;295.0;113.0;110.0;52.0;61.0;102.0;24.0;143.0;107.0;181.0;1.0;389.0;99.0;11.0;301.0;199.0;53.0;118.0;94.0;20.0;174.0;331.0;445.0;43.0;97.0;134.0;7.0;525.0;111.0;321.0;100.0;381.0;0.0;309.0;221.0;260.0;148.0;343.0;5.0]
[1956,TRGADHZ128F429C1EC,Azure,SOGXYXF12A58A7B2D1,"Jazz Advance",ARHW1YN1187FB3E713,0d06bb57-c3b6-4188-9b73-826c41c3e29e,"Cecil Taylor",449.35791,0.588471132828,0.402665854566,8,22.0;26.0,66.0;657.0;295.0;113.0;110.0;52.0;61.0;102.0;24.0;143.0;107.0;181.0;1.0;389.0;99.0;11.0;301.0;199.0;53.0;118.0;94.0;20.0;174.0;331.0;445.0;43.0;97.0;134.0;7.0;525.0;111.0;321.0;100.0;381.0;0.0;309.0;221.0;260.0;148.0;343.0;5.0]
[1956,TROUXMU128F429C1F3,"Sweet And Lovely (1991 Digital Remaster)",SOCJVSE12A58A7A268,"Jazz Advance",ARHW1YN1187FB3E713,0d06bb57-c3b6-4188-9b73-826c41c3e29e,"Cecil Taylor",395.91138,0.588471132828,0.402665854566,2,22.0;26.0,66.0;657.0;295.0;113.0;110.0;52.0;61.0;102.0;24.0;143.0;107.0;181.0;1.0;389.0;99.0;11.0;301.0;199.0;53.0;118.0;94.0;20.0;174.0;331.0;445.0;43.0;97.0;134.0;7.0;525.0;111.0;321.0;100.0;381.0;0.0;309.0;221.0;260.0;148.0;343.0;5.0]
[1956,TRTBLJK12903CAB48F,Sermonette,SOEDMDJ12AB018B4CA,"This Is How I Feel About Jazz",ARLWEID1187B98DE3C,5803c81e-739a-4057-9a5c-cf84e55db630,"Quincy Jones",362.03057,0.709967526114,0.514513276947,2,1.0;233.0;0.0;654.0;22.0;759.0;11.0;77.0;188.0;51.0;133.0,78.0;28.0;214.0;237.0;215.0;262.0;181.0;691.0;1272.0;27.0;161.0;118.0;196.0;174.0;47.0;7.0;865.0;562.0;100.0;2.0;0.0;19.0;377.0;410.0]
[1956,TRNGOJE128E078D20B,"A Foggy Day  (LP Version)",SONOSFH12A6701FD55,"Pithecanthropus Erectus",ARJ6VQ21187B98BC8A,f3b8e107-abe8-4743-b6a3-4a4ee995e71f,"Charles Mingus",470.22975,0.695431936127,0.543737738446,610,1.0;338.0;242.0;22.0;548.0,657.0;113.0;76.0;1060.0;112.0;1661.0;78.0;327.0;245.0;129.0;28.0;74.0;745.0;79.0;91.0;80.0;215.0;135.0;31.0;84.0;696.0;200.0;314.0;11.0;1407.0;583.0;271.0;199.0;196.0;171.0;331.0;462.0;739.0;445.0;1324.0;43.0;294.0;7.0;299.0;253.0;1469.0;157.0;283.0;205.0;1269.0;127.0;100.0;190.0;381.0;396.0;236.0;309.0;119.0;239.0;377.0;415.0;148.0;1086.0;1286.0;243.0;410.0;5.0;125.0;38.0;293.0]
[1956,TREVLSR128E078D20E,"Love Chant  (LP Version)",SOFILVU12A6701FD57,"Pithecanthropus Erectus",ARJ6VQ21187B98BC8A,f3b8e107-abe8-4743-b6a3-4a4ee995e71f,"Charles Mingus",894.74567,0.695431936127,0.513311575835,580,1.0;338.0;242.0;22.0;548.0,657.0;113.0;76.0;1060.0;112.0;1661.0;78.0;327.0;245.0;129.0;28.0;74.0;745.0;79.0;91.0;80.0;215.0;135.0;31.0;84.0;696.0;200.0;314.0;11.0;1407.0;583.0;271.0;199.0;196.0;171.0;331.0;462.0;739.0;445.0;1324.0;43.0;294.0;7.0;299.0;253.0;1469.0;157.0;283.0;205.0;1269.0;127.0;100.0;190.0;381.0;396.0;236.0;309.0;119.0;239.0;377.0;415.0;148.0;1086.0;1286.0;243.0;410.0;5.0;125.0;38.0;293.0]
[1956,TRWXAZN128F426D7B5,"Honey Chile",SOFGKOE12A58A7DB22,"Very Best Of",ARD5ZH01187FB3C0E5,e787de5d-49e2-4b1f-9bde-1fd3a671b971,"Fats Domino",107.65016,0.745575312839,0.491707370037,41,1.0;1096.0;2176.0;700.0;52.0;5.0;4.0;127.0,113.0;3.0;24.0;146.0;738.0;28.0;85.0;916.0;79.0;36.0;290.0;92.0;248.0;41.0;53.0;20.0;47.0;42.0;12.0;43.0;7.0;95.0;596.0;58.0;373.0;98.0;48.0;105.0;100.0;497.0;2.0;13.0;69.0;0.0;137.0;141.0;40.0;131.0;65.0;19.0;50.0;5.0;38.0]
[1956,TRWFQVW128F42ACDD9,"Silver's Blue",SOUIDVN12AB017B76B,"Silver's Blue",ARNEWMP1187FB3DB31,d185d986-ee96-4fd3-bd61-8c848a4765b6,"Horace Silver",463.33342,0.66463525088,0.425502788578,19,22.0,102.0;3.0;126.0;327.0;28.0;85.0;661.0;214.0;339.0;152.0;403.0;116.0;297.0;92.0;23.0;248.0;17.0;46.0;63.0;1.0;41.0;199.0;27.0;94.0;101.0;331.0;42.0;4.0;12.0;7.0;139.0;285.0;175.0;378.0;48.0;105.0;13.0;87.0;424.0;34.0;0.0;298.0;202.0;258.0;83.0;131.0;145.0;387.0;337.0]
[1956,TROUUJY128F146280F,"(Nothing's Too Good) For My Baby (24-Bit Mastering) (2002 Digital Remaster)",SODRWZO12A58A7AF2C,"The Wildest!",AR6KYS71187B9A2951,b5997eef-2516-491a-a10e-5cee842bbcdc,"Louis Prima",158.30159,0.671977599642,0.541433807124,27,1.0;361.0,102.0;3.0;54.0;128.0;28.0;85.0;214.0;33.0;116.0;36.0;297.0;92.0;399.0;23.0;248.0;17.0;1196.0;63.0;1.0;88.0;41.0;27.0;94.0;185.0;180.0;12.0;132.0;7.0;139.0;653.0;175.0;95.0;93.0;378.0;105.0;2.0;13.0;0.0;137.0;141.0;83.0;131.0;65.0;50.0;612.0;148.0;578.0;38.0;337.0]
[1956,TRXZLKU128F1462813,"Oh_ Marie (2002 Digital Remaster)",SOSXZVJ12A6D4F6CB4,"The Wildest!",AR6KYS71187B9A2951,b5997eef-2516-491a-a10e-5cee842bbcdc,"Louis Prima",148.06159,0.671977599642,0.538988863032,48,1.0;361.0,102.0;3.0;54.0;128.0;28.0;85.0;214.0;33.0;116.0;36.0;297.0;92.0;399.0;23.0;248.0;17.0;1196.0;63.0;1.0;88.0;41.0;27.0;94.0;185.0;180.0;12.0;132.0;7.0;139.0;653.0;175.0;95.0;93.0;378.0;105.0;2.0;13.0;0.0;137.0;141.0;83.0;131.0;65.0;50.0;612.0;148.0;578.0;38.0;337.0]
[1956,TRKUNWN128F1462812,"Body And Soul (24-Bit Mastering) (2002 Digital Remaster)",SOHGAKV12A6D4F6CB3,"The Wildest!",AR6KYS71187B9A2951,b5997eef-2516-491a-a10e-5cee842bbcdc,"Louis Prima",204.53832,0.671977599642,0.541433807124,7,1.0;361.0,102.0;3.0;54.0;128.0;28.0;85.0;214.0;33.0;116.0;36.0;297.0;92.0;399.0;23.0;248.0;17.0;1196.0;63.0;1.0;88.0;41.0;27.0;94.0;185.0;180.0;12.0;132.0;7.0;139.0;653.0;175.0;95.0;93.0;378.0;105.0;2.0;13.0;0.0;137.0;141.0;83.0;131.0;65.0;50.0;612.0;148.0;578.0;38.0;337.0]
