[1957,TRVXSDJ128F1468AED,"Fingerpickin' (Digitally Remastered)",SOPZRNA12A6D4F708B,"Fingerpickin'",ARIXE8X1187B999C7B,663f8232-8c46-4851-803f-a91d31593b14,"Wes Montgomery",152.31955,0.674474044136,0.408787122021,16,1.0;526.0;654.0;255.0;22.0;759.0;504.0;2130.0,8.0;24.0;327.0;28.0;214.0;450.0;45.0;36.0;181.0;297.0;51.0;17.0;63.0;1.0;21.0;199.0;27.0;20.0;180.0;47.0;331.0;42.0;60.0;4.0;6.0;9.0;12.0;43.0;7.0;139.0;285.0;39.0;175.0;378.0;37.0;105.0;2.0;13.0;67.0;34.0;0.0;202.0;258.0;83.0;131.0;65.0;19.0;145.0;56.0;5.0]
[1957,TRAYDRZ128F1468AE9,"Bock To Bock (Digitally Remastered)",SOWNOLS12AF72A417C,"Fingerpickin'",ARIXE8X1187B999C7B,663f8232-8c46-4851-803f-a91d31593b14,"Wes Montgomery",608.05179,0.674474044136,0.408787122021,12,1.0;526.0;654.0;255.0;22.0;759.0;504.0;2130.0,8.0;24.0;327.0;28.0;214.0;450.0;45.0;36.0;181.0;297.0;51.0;17.0;63.0;1.0;21.0;199.0;27.0;20.0;180.0;47.0;331.0;42.0;60.0;4.0;6.0;9.0;12.0;43.0;7.0;139.0;285.0;39.0;175.0;378.0;37.0;105.0;2.0;13.0;67.0;34.0;0.0;202.0;258.0;83.0;131.0;65.0;19.0;145.0;56.0;5.0]
[1957,TRUIYLI128F92F624A,"Got My Mojo Working",SOFKYFK12A6D4FD73D,"Chess Chartbusters Vol. 2",AR2MSUY1187B9B4602,f86f1f07-d182-45ce-ae93-ef610880ca72,"Muddy Waters",165.3024,0.758735810267,0.471883294899,2560,1.0;37.0;520.0;0.0;439.0;280.0,32.0;28.0;450.0;79.0;135.0;400.0;1170.0;47.0;689.0;838.0;62.0;0.0;119.0;293.0]
[1957,TRYXUKS128F932847A,"A Flower Is A Lovesome Thing",SOMNQXZ12AB01804E5,"A Flower Is A Lovesome Thing",AROSPS51187B9B481F,744b52c8-509b-4451-abfd-a17d18d4bd1d,"Vince Guaraldi Trio",338.59873,0.736267226578,0.693402077742,93,1.0,113.0;52.0;8.0;18.0;24.0;304.0;74.0;45.0;240.0;36.0;91.0;215.0;181.0;297.0;31.0;17.0;63.0;1.0;16.0;715.0;118.0;94.0;20.0;9.0;43.0;7.0;525.0;211.0;193.0;100.0;2.0;86.0;14.0;184.0;0.0;131.0;19.0;50.0;148.0;5.0]
[1957,TRDOGSD128F932847C,Yesterdays,SOLPMHS12AB01804ED,"A Flower Is A Lovesome Thing",AROSPS51187B9B481F,744b52c8-509b-4451-abfd-a17d18d4bd1d,"Vince Guaraldi Trio",241.3971,0.736267226578,0.68218656015,92,1.0,113.0;52.0;8.0;18.0;24.0;304.0;74.0;45.0;240.0;36.0;91.0;215.0;181.0;297.0;31.0;17.0;63.0;1.0;16.0;715.0;118.0;94.0;20.0;9.0;43.0;7.0;525.0;211.0;193.0;100.0;2.0;86.0;14.0;184.0;0.0;131.0;19.0;50.0;148.0;5.0]
[1957,TRMJHBB128F9328481,"Willow Weep For Me",SOIRYXQ12AB01804F8,"A Flower Is A Lovesome Thing",AROSPS51187B9B481F,744b52c8-509b-4451-abfd-a17d18d4bd1d,"Vince Guaraldi Trio",315.45424,0.736267226578,0.68218656015,88,1.0,113.0;52.0;8.0;18.0;24.0;304.0;74.0;45.0;240.0;36.0;91.0;215.0;181.0;297.0;31.0;17.0;63.0;1.0;16.0;715.0;118.0;94.0;20.0;9.0;43.0;7.0;525.0;211.0;193.0;100.0;2.0;86.0;14.0;184.0;0.0;131.0;19.0;50.0;148.0;5.0]
[1957,TRGUKWC128F9328480,"Lonely Girl",SOAZQRV12A58A7BBBB,"A Flower Is A Lovesome Thing",AROSPS51187B9B481F,744b52c8-509b-4451-abfd-a17d18d4bd1d,"Vince Guaraldi Trio",204.90404,0.736267226578,0.68218656015,6,1.0,113.0;52.0;8.0;18.0;24.0;304.0;74.0;45.0;240.0;36.0;91.0;215.0;181.0;297.0;31.0;17.0;63.0;1.0;16.0;715.0;118.0;94.0;20.0;9.0;43.0;7.0;525.0;211.0;193.0;100.0;2.0;86.0;14.0;184.0;0.0;131.0;19.0;50.0;148.0;5.0]
[1957,TRGBFIN128F932847F,"Autumn Leaves",SORYDPD12AF72A01E2,"A Flower Is A Lovesome Thing",AROSPS51187B9B481F,744b52c8-509b-4451-abfd-a17d18d4bd1d,"Vince Guaraldi Trio",261.56363,0.736267226578,0.68218656015,130,1.0,113.0;52.0;8.0;18.0;24.0;304.0;74.0;45.0;240.0;36.0;91.0;215.0;181.0;297.0;31.0;17.0;63.0;1.0;16.0;715.0;118.0;94.0;20.0;9.0;43.0;7.0;525.0;211.0;193.0;100.0;2.0;86.0;14.0;184.0;0.0;131.0;19.0;50.0;148.0;5.0]
[1957,TRZIOSE128E0789633,"Mean When I'm Mad",SOILKNO12A6701E5CD,"The Very Best Of Eddie Cochran",ARWXJ4H1187B9B75A0,17995d1c-5b3c-4ee9-98f5-105ee3b4ada1,"Eddie Cochran",113.68444,0.64206894233,0.438364956865,74,0.0;11.0;5.0;127.0,8.0;3.0;24.0;54.0;28.0;85.0;121.0;36.0;92.0;23.0;248.0;17.0;10.0;1.0;88.0;35.0;16.0;41.0;27.0;101.0;185.0;130.0;42.0;4.0;6.0;12.0;132.0;7.0;48.0;460.0;105.0;2.0;89.0;13.0;86.0;305.0;14.0;69.0;34.0;0.0;137.0;141.0;40.0;1144.0;65.0;19.0;145.0;50.0;22.0]
[1957,TRUJNKH128F4269A47,"Abdallah's Delight",SOBVSSB12A8C1386AC,"Orgy in Rhythm Volumes One & Two",AR9OKR51187FB390CC,601e7466-eaf5-4a91-9909-ffd770b7e04a,"Art Blakey",585.32526,0.607409478271,0.418854023223,5,26.0,102.0;126.0;327.0;28.0;85.0;214.0;339.0;403.0;116.0;297.0;92.0;23.0;248.0;46.0;63.0;1.0;16.0;41.0;199.0;27.0;101.0;331.0;42.0;7.0;139.0;285.0;39.0;175.0;378.0;914.0;48.0;2.0;13.0;87.0;14.0;34.0;0.0;298.0;202.0;274.0;258.0;83.0;131.0;19.0;145.0;148.0;387.0]
[1957,TRNQPUA12903CA9E1F,"Susie Q",SOQDBRL12AB017DAF9,"Crusin' The 66 Vol. 2",ARVLMSG1187B98E07E,6517f833-742a-48a0-a30a-32980c442074,"Dale Hawkins",148.50567,0.546012784301,0.380556728206,1900,0.0,295.0;3.0;146.0;2064.0;28.0;107.0;36.0;30.0;248.0;16.0;64.0;101.0;5705.0;95.0;487.0;4372.0;2.0;13.0;305.0;1337.0;0.0;137.0;141.0;210.0;353.0;65.0;19.0;260.0;2248.0;5.0;26.0]
[1957,TRTBSKH128F14616DC,"Laura (1999 Digital Remaster)",SOBJCID12A6D4F6C95,"Where Are You?",ARTASUV1187B9A2B67,197450cd-0124-4164-b723-3c22dd16494d,"Frank Sinatra",208.5873,0.838908050062,0.56266192634,6,1.0;63.0;1920.0;22.0;11.0;133.0,54.0;245.0;63.0;7.0;404.0;105.0;2.0;639.0;19.0;148.0;617.0;38.0;337.0]
[1957,TRXHIGW128F145F14E,"Adeste Fideles (1999 Digital Remaster)",SOQRAFL12A6D4F62A7,"A Jolly Christmas From Frank Sinatra",ARTASUV1187B9A2B67,197450cd-0124-4164-b723-3c22dd16494d,"Frank Sinatra",154.53995,0.825841245707,0.612041454864,24,1.0;63.0;1920.0;22.0;11.0;133.0,54.0;245.0;63.0;7.0;404.0;105.0;2.0;639.0;19.0;148.0;617.0;38.0;337.0]
[1957,TRRVHFI12903CB3A27,"The Night We Called It a Day",SOABQJR12AB018542E,"Love Songs",ARTASUV1187B9A2B67,197450cd-0124-4164-b723-3c22dd16494d,"Frank Sinatra",199.05261,0.838940224158,0.623614392827,33,1.0;63.0;1920.0;22.0;11.0;133.0,54.0;245.0;63.0;7.0;404.0;105.0;2.0;639.0;19.0;148.0;617.0;38.0;337.0]
[1957,TRSMFDO128F42753CF,"Spiritual Trilogy",SOAZJVT12A8C13E5F6,"The Folk Song Tradition",ARG4FCD1187B98F8E8,e81906c6-cba2-44ec-9e39-29737754d809,Odetta,361.01179,0.660058110999,0.409741693433,15,8.0,322.0;28.0;85.0;661.0;214.0;811.0;339.0;403.0;116.0;1715.0;36.0;30.0;290.0;92.0;51.0;23.0;248.0;17.0;46.0;357.0;1.0;16.0;41.0;27.0;331.0;42.0;4.0;7.0;139.0;175.0;378.0;207.0;905.0;13.0;87.0;34.0;473.0;0.0;298.0;459.0;258.0;19.0;145.0;387.0;49.0;56.0;337.0;26.0;165.0]
[1957,TRCHZYC128F92FA1CF,"Another Man Done Gone",SOAXHAL12AB017D83E,"Livin' With The Blues",ARG4FCD1187B98F8E8,e81906c6-cba2-44ec-9e39-29737754d809,Odetta,153.33832,0.660058110999,0.409741693433,77,8.0,322.0;28.0;85.0;661.0;214.0;811.0;339.0;403.0;116.0;1715.0;36.0;30.0;290.0;92.0;51.0;23.0;248.0;17.0;46.0;357.0;1.0;16.0;41.0;27.0;331.0;42.0;4.0;7.0;139.0;175.0;378.0;207.0;905.0;13.0;87.0;34.0;473.0;0.0;298.0;459.0;258.0;19.0;145.0;387.0;49.0;56.0;337.0;26.0;165.0]
[1957,TRVDUTY128F147C105,"Devilish Mary (Album Version)",SOYSPWT12A6D4F93E6,"At The Gate Of Horn",ARG4FCD1187B98F8E8,e81906c6-cba2-44ec-9e39-29737754d809,Odetta,112.74404,0.660057525108,0.446411138861,78,8.0,322.0;28.0;85.0;661.0;214.0;811.0;339.0;403.0;116.0;1715.0;36.0;30.0;290.0;92.0;51.0;23.0;248.0;17.0;46.0;357.0;1.0;16.0;41.0;27.0;331.0;42.0;4.0;7.0;139.0;175.0;378.0;207.0;905.0;13.0;87.0;34.0;473.0;0.0;298.0;459.0;258.0;19.0;145.0;387.0;49.0;56.0;337.0;26.0;165.0]
[1957,TRYIFEU128F147C0C3,"Hound Dog (Album Version)",SOIKMJR12A6D4F7C82,"Sings Ballads And Blues",ARG4FCD1187B98F8E8,e81906c6-cba2-44ec-9e39-29737754d809,Odetta,230.50404,0.660057525108,0.446411138861,97,8.0,322.0;28.0;85.0;661.0;214.0;811.0;339.0;403.0;116.0;1715.0;36.0;30.0;290.0;92.0;51.0;23.0;248.0;17.0;46.0;357.0;1.0;16.0;41.0;27.0;331.0;42.0;4.0;7.0;139.0;175.0;378.0;207.0;905.0;13.0;87.0;34.0;473.0;0.0;298.0;459.0;258.0;19.0;145.0;387.0;49.0;56.0;337.0;26.0;165.0]
[1957,TRTBXEA128F42753EA,"Sail Away Ladies",SOCVOZM12A58A77A82,"The Folk Song Tradition",ARG4FCD1187B98F8E8,e81906c6-cba2-44ec-9e39-29737754d809,Odetta,143.15057,0.660057525108,0.409741693433,872,8.0,322.0;28.0;85.0;661.0;214.0;811.0;339.0;403.0;116.0;1715.0;36.0;30.0;290.0;92.0;51.0;23.0;248.0;17.0;46.0;357.0;1.0;16.0;41.0;27.0;331.0;42.0;4.0;7.0;139.0;175.0;378.0;207.0;905.0;13.0;87.0;34.0;473.0;0.0;298.0;459.0;258.0;19.0;145.0;387.0;49.0;56.0;337.0;26.0;165.0]
[1957,TRTSWLU12903CBBDF0,"Muleskinner Blues",SOEVLQE12AB017F1E3,"Odetta Sings Ballads and Blues",ARG4FCD1187B98F8E8,e81906c6-cba2-44ec-9e39-29737754d809,Odetta,168.12363,0.660058110999,0.409741693433,39,8.0,322.0;28.0;85.0;661.0;214.0;811.0;339.0;403.0;116.0;1715.0;36.0;30.0;290.0;92.0;51.0;23.0;248.0;17.0;46.0;357.0;1.0;16.0;41.0;27.0;331.0;42.0;4.0;7.0;139.0;175.0;378.0;207.0;905.0;13.0;87.0;34.0;473.0;0.0;298.0;459.0;258.0;19.0;145.0;387.0;49.0;56.0;337.0;26.0;165.0]
[1957,TRANIXR128F147C0C4,"Glory  Glory (Album Version)",SOESTIG12A6D4F7C83,"Sings Ballads And Blues",ARG4FCD1187B98F8E8,e81906c6-cba2-44ec-9e39-29737754d809,Odetta,132.51873,0.660057525108,0.409741693433,99,8.0,322.0;28.0;85.0;661.0;214.0;811.0;339.0;403.0;116.0;1715.0;36.0;30.0;290.0;92.0;51.0;23.0;248.0;17.0;46.0;357.0;1.0;16.0;41.0;27.0;331.0;42.0;4.0;7.0;139.0;175.0;378.0;207.0;905.0;13.0;87.0;34.0;473.0;0.0;298.0;459.0;258.0;19.0;145.0;387.0;49.0;56.0;337.0;26.0;165.0]
[1957,TRGFAYX128F147C0C6,"Been In The Pen (Album Version)",SOUMCHQ12A58A7A993,"Sings Ballads And Blues",ARG4FCD1187B98F8E8,e81906c6-cba2-44ec-9e39-29737754d809,Odetta,153.49506,0.660057525108,0.446411138861,19,8.0,322.0;28.0;85.0;661.0;214.0;811.0;339.0;403.0;116.0;1715.0;36.0;30.0;290.0;92.0;51.0;23.0;248.0;17.0;46.0;357.0;1.0;16.0;41.0;27.0;331.0;42.0;4.0;7.0;139.0;175.0;378.0;207.0;905.0;13.0;87.0;34.0;473.0;0.0;298.0;459.0;258.0;19.0;145.0;387.0;49.0;56.0;337.0;26.0;165.0]
[1957,TRLMOGB128F4217DB0,"One Bass Hit",SOGBNHA12A6D4FC0B5,"The Quintessence : Stockholm - New York - Paris (1938 - 1949)",ARXA17J1187FB3B507,e9ba8ccb-505f-4e5c-b909-65998d0d35b5,"Kenny Clarke",174.70649,0.740957722728,0.478989695853,4,878.0;1.0;242.0;22.0;341.0,102.0;327.0;28.0;214.0;833.0;339.0;152.0;403.0;116.0;80.0;92.0;51.0;399.0;23.0;248.0;17.0;46.0;63.0;1.0;41.0;199.0;27.0;94.0;101.0;331.0;42.0;4.0;7.0;139.0;285.0;653.0;175.0;378.0;48.0;105.0;497.0;2.0;13.0;87.0;34.0;0.0;202.0;258.0;83.0;131.0;145.0;387.0;49.0;337.0]
[1957,TRJHFGS12903CB7FED,"One Bass Hit",SOEZSOI12AB018551E,"Dizzy Atmosphere (The Best Of Dizzy Gillespie)",ARXA17J1187FB3B507,e9ba8ccb-505f-4e5c-b909-65998d0d35b5,"Dizzy Gillespie",176.37832,0.740958142826,0.473839751101,106,878.0;1.0;242.0;22.0;341.0,102.0;327.0;28.0;214.0;833.0;339.0;152.0;403.0;116.0;80.0;92.0;51.0;399.0;23.0;248.0;17.0;46.0;63.0;1.0;41.0;199.0;27.0;94.0;101.0;331.0;42.0;4.0;7.0;139.0;285.0;653.0;175.0;378.0;48.0;105.0;497.0;2.0;13.0;87.0;34.0;0.0;202.0;258.0;83.0;131.0;145.0;387.0;49.0;337.0]
[1957,TRFAWAV12903CCC465,"Goin' Back Home",SOQCPGO12A6D4F6A32,Evil,ARUGAPO1187B9B21DB,ca5b38c2-f39d-45a4-ad3d-daf4448846ef,"Howlin' Wolf",163.10812,0.75331367098,0.469870759703,22,37.0;0.0,113.0;110.0;32.0;308.0;24.0;54.0;28.0;85.0;855.0;450.0;79.0;36.0;290.0;399.0;357.0;1170.0;41.0;27.0;101.0;20.0;47.0;42.0;664.0;97.0;7.0;1977.0;596.0;58.0;1684.0;105.0;2.0;81.0;67.0;14.0;69.0;34.0;0.0;141.0;40.0;19.0;242.0;5.0;26.0]
[1957,TRHGSCT128F92DDE1C,"Big River",SOJBZDJ12A8C142A0A,"Johnny Cash: Remixed",ARH861H1187B9B799E,d43d12a1-2dc9-4257-a2fd-0a3bb1081b86,"Johnny Cash",187.27138,0.817256939293,0.779558979607,14,1.0;37.0;32.0;1160.0;8.0;176.0;5.0;127.0,113.0;32.0;79.0;30.0;314.0;16.0;196.0;47.0;463.0;1324.0;2.0;396.0;0.0;141.0;233.0;19.0;243.0;430.0]
[1957,TRTVBQA12903CB201E,"Lazy Bird",SOURIAR12AB0186268,"Kind Of Blue Train - HD Re-Masterered",ARIOZCU1187FB3A3DC,b625448e-bf4a-41c3-a421-72ad46cdb831,"Miles Davis & John Coltrane",425.24689,0.796357078697,0.487700539415,1836,1.0;39.0;338.0;242.0;425.0;255.0;22.0;26.0;498.0;316.0;12.0,295.0;113.0;112.0;78.0;327.0;129.0;28.0;1397.0;79.0;215.0;11.0;583.0;271.0;199.0;174.0;331.0;445.0;1324.0;43.0;7.0;127.0;562.0;100.0;381.0;396.0;442.0;0.0;309.0;19.0;284.0;410.0;5.0]
[1957,TRYTFRF12903D028A2,"Moment's Notice",SOTOGKT12AB0186155,"The Anthology",ARIOZCU1187FB3A3DC,b625448e-bf4a-41c3-a421-72ad46cdb831,"JOHN COLTRANE",553.61261,0.796357078697,0.487700539415,656,1.0;39.0;338.0;242.0;425.0;255.0;22.0;26.0;498.0;316.0;12.0,295.0;113.0;112.0;78.0;327.0;129.0;28.0;1397.0;79.0;215.0;11.0;583.0;271.0;199.0;174.0;331.0;445.0;1324.0;43.0;7.0;127.0;562.0;100.0;381.0;396.0;442.0;0.0;309.0;19.0;284.0;410.0;5.0]
[1957,TRVONLQ128F92D891E,"I Don't Wanna",SOCZSNM12A8C143123,"I Don't Wanna",ARA7YDA1187B9A5776,ad82dd72-0df3-4a09-8d7a-1af9c9e80522,"Patsy Cline",138.34404,0.656728903248,0.468511466476,38,1.0;32.0;845.0;1330.0;11.0;5.0;4.0;492.0,113.0;189.0;3.0;24.0;146.0;54.0;265.0;28.0;85.0;493.0;36.0;30.0;290.0;92.0;2450.0;46.0;63.0;1.0;90.0;35.0;16.0;27.0;42.0;4.0;463.0;7.0;139.0;1700.0;472.0;105.0;2.0;13.0;44.0;34.0;0.0;141.0;40.0;83.0;65.0;19.0;145.0;50.0;5.0;38.0;702.0;26.0]
[1957,TRDRLDV128F930CAB5,"Wail March",SOFFNZT12AB018367D,"Wail March",AR6Q4T91187B995616,3b47247e-5b57-49b6-a0ed-bad80243802a,"Sonny Rollins",369.162,0.60853019809,0.427419670574,253,1.0;22.0,113.0;110.0;52.0;8.0;24.0;143.0;327.0;28.0;403.0;79.0;91.0;215.0;297.0;23.0;99.0;301.0;199.0;53.0;27.0;118.0;20.0;331.0;9.0;43.0;7.0;139.0;285.0;39.0;175.0;166.0;111.0;100.0;381.0;0.0;309.0;136.0;131.0;19.0;148.0;5.0;358.0]
[1957,TRBXGEO128F145AFBC,"Tune Up",SOHTCJS12AB0186641,"The Best of Sonny Rollins",AR6Q4T91187B995616,3b47247e-5b57-49b6-a0ed-bad80243802a,"Sonny Rollins",346.56608,0.742098566521,0.427419670574,193,1.0;22.0,113.0;110.0;52.0;8.0;24.0;143.0;327.0;28.0;403.0;79.0;91.0;215.0;297.0;23.0;99.0;301.0;199.0;53.0;27.0;118.0;20.0;331.0;9.0;43.0;7.0;139.0;285.0;39.0;175.0;166.0;111.0;100.0;381.0;0.0;309.0;136.0;131.0;19.0;148.0;5.0;358.0]
[1957,TRLROKY12903CE64AA,"Love That Woman",SOKFDET12AC3DF8354,"Violent Love",ARRH52A1187B9ABAF0,40ee7c92-f44a-4d14-9aee-f87244465ee4,"Otis Rush",181.62893,0.606518209209,0.365487160468,173,1.0;520.0;280.0,295.0;113.0;110.0;3.0;24.0;78.0;28.0;85.0;855.0;450.0;677.0;36.0;91.0;30.0;290.0;92.0;399.0;357.0;99.0;53.0;160.0;47.0;448.0;664.0;4.0;12.0;7.0;525.0;596.0;58.0;124.0;390.0;497.0;1006.0;2.0;13.0;69.0;0.0;19.0;145.0;50.0;242.0;578.0;939.0;5.0]
[1957,TRBAKVX12903CE64B0,"Groaning the Blues",SORBXOX12AC3DF55BE,"Violent Love",ARRH52A1187B9ABAF0,40ee7c92-f44a-4d14-9aee-f87244465ee4,"Otis Rush",183.64036,0.606518209209,0.365487160468,99,1.0;520.0;280.0,295.0;113.0;110.0;3.0;24.0;78.0;28.0;85.0;855.0;450.0;677.0;36.0;91.0;30.0;290.0;92.0;399.0;357.0;99.0;53.0;160.0;47.0;448.0;664.0;4.0;12.0;7.0;525.0;596.0;58.0;124.0;390.0;497.0;1006.0;2.0;13.0;69.0;0.0;19.0;145.0;50.0;242.0;578.0;939.0;5.0]
[1957,TRVNLVP12903CE64B3,"If You Were Mine",SODOACW12AC3DF55C2,"Violent Love",ARRH52A1187B9ABAF0,40ee7c92-f44a-4d14-9aee-f87244465ee4,"Otis Rush",186.64444,0.606518209209,0.365487160468,609,1.0;520.0;280.0,295.0;113.0;110.0;3.0;24.0;78.0;28.0;85.0;855.0;450.0;677.0;36.0;91.0;30.0;290.0;92.0;399.0;357.0;99.0;53.0;160.0;47.0;448.0;664.0;4.0;12.0;7.0;525.0;596.0;58.0;124.0;390.0;497.0;1006.0;2.0;13.0;69.0;0.0;19.0;145.0;50.0;242.0;578.0;939.0;5.0]
[1957,TRAQVST128F14852CD,"Just By Myself (2006 Digital Remaster)",SOPGUSM12A6D4F9C5F,"City Lights",ARZY3LW1187B9BA45A,a1235272-3650-4ed7-9317-5a55a08701ec,"Lee Morgan",562.59873,0.632209591575,0.372908543724,4,22.0;696.0;912.0,113.0;32.0;8.0;24.0;143.0;78.0;327.0;28.0;36.0;297.0;30.0;16.0;199.0;27.0;118.0;174.0;47.0;331.0;42.0;43.0;7.0;285.0;39.0;175.0;93.0;111.0;100.0;2.0;381.0;0.0;131.0;19.0;145.0;50.0;148.0;410.0;2430.0]
[1957,TRHJVVD128F4255499,Sancticity,SOZTXJN12A8C136B0C,"The Hawk Flies High",ARYGKAY1187FB4A56B,5c8cb181-38fe-4300-8153-650b2ed0258f,"Coleman Hawkins",550.19057,0.701508673657,0.423777985529,9,1.0;242.0;22.0;133.0,113.0;24.0;327.0;245.0;28.0;214.0;45.0;79.0;897.0;181.0;297.0;601.0;2219.0;63.0;11.0;301.0;199.0;53.0;27.0;118.0;20.0;331.0;43.0;7.0;653.0;39.0;175.0;865.0;166.0;105.0;100.0;184.0;220.0;258.0;309.0;217.0;131.0;19.0;145.0;1176.0;148.0;5.0]
[1957,TRFVLVG128F4290096,"Dizzy Moods",SOCMNMM12A8C13A7DF,"Tijuana Moods",ARJ6VQ21187B98BC8A,f3b8e107-abe8-4743-b6a3-4a4ee995e71f,"Charles Mingus",349.1522,0.695431936127,0.55365973538,30,1.0;338.0;242.0;22.0;548.0,657.0;113.0;76.0;1060.0;112.0;1661.0;78.0;327.0;245.0;129.0;28.0;74.0;745.0;79.0;91.0;80.0;215.0;135.0;31.0;84.0;696.0;200.0;314.0;11.0;1407.0;583.0;271.0;199.0;196.0;171.0;331.0;462.0;739.0;445.0;1324.0;43.0;294.0;7.0;299.0;253.0;1469.0;157.0;283.0;205.0;1269.0;127.0;100.0;190.0;381.0;396.0;236.0;309.0;119.0;239.0;377.0;415.0;148.0;1086.0;1286.0;243.0;410.0;5.0;125.0;38.0;293.0]
[1957,TROSIKV128F42693EC,"Hamp's New Blues (1997 Digital Remaster)",SOQRQGV12A58A7DBA4,"Mingus Three",ARJ6VQ21187B98BC8A,f3b8e107-abe8-4743-b6a3-4a4ee995e71f,"Charles Mingus",234.97098,0.695431936127,0.513311575835,26,1.0;338.0;242.0;22.0;548.0,657.0;113.0;76.0;1060.0;112.0;1661.0;78.0;327.0;245.0;129.0;28.0;74.0;745.0;79.0;91.0;80.0;215.0;135.0;31.0;84.0;696.0;200.0;314.0;11.0;1407.0;583.0;271.0;199.0;196.0;171.0;331.0;462.0;739.0;445.0;1324.0;43.0;294.0;7.0;299.0;253.0;1469.0;157.0;283.0;205.0;1269.0;127.0;100.0;190.0;381.0;396.0;236.0;309.0;119.0;239.0;377.0;415.0;148.0;1086.0;1286.0;243.0;410.0;5.0;125.0;38.0;293.0]
[1957,TRVZPCC128F931896A,"Back Home Blues",SOAWDXW12A58A7F82E,Trio,ARJ6VQ21187B98BC8A,f3b8e107-abe8-4743-b6a3-4a4ee995e71f,"Charles Mingus",324.85832,0.695431936127,0.513311575835,18,1.0;338.0;242.0;22.0;548.0,657.0;113.0;76.0;1060.0;112.0;1661.0;78.0;327.0;245.0;129.0;28.0;74.0;745.0;79.0;91.0;80.0;215.0;135.0;31.0;84.0;696.0;200.0;314.0;11.0;1407.0;583.0;271.0;199.0;196.0;171.0;331.0;462.0;739.0;445.0;1324.0;43.0;294.0;7.0;299.0;253.0;1469.0;157.0;283.0;205.0;1269.0;127.0;100.0;190.0;381.0;396.0;236.0;309.0;119.0;239.0;377.0;415.0;148.0;1086.0;1286.0;243.0;410.0;5.0;125.0;38.0;293.0]
[1957,TRGFOHY128EF340592,"Reincarnation Of A Lovebird",SOHVJFJ12A67ADCFC9,"Charles Mingus In Paris - The Complete America Session",ARJ6VQ21187B98BC8A,f3b8e107-abe8-4743-b6a3-4a4ee995e71f,"Charles Mingus",909.76608,0.695431936127,0.513311575835,840,1.0;338.0;242.0;22.0;548.0,657.0;113.0;76.0;1060.0;112.0;1661.0;78.0;327.0;245.0;129.0;28.0;74.0;745.0;79.0;91.0;80.0;215.0;135.0;31.0;84.0;696.0;200.0;314.0;11.0;1407.0;583.0;271.0;199.0;196.0;171.0;331.0;462.0;739.0;445.0;1324.0;43.0;294.0;7.0;299.0;253.0;1469.0;157.0;283.0;205.0;1269.0;127.0;100.0;190.0;381.0;396.0;236.0;309.0;119.0;239.0;377.0;415.0;148.0;1086.0;1286.0;243.0;410.0;5.0;125.0;38.0;293.0]
