[0,TRYFXJE12903CBFFC7,"Groovin'",SOYBFWF12AB018A604,"Atlantic Records 40th Anniversary: Hit Singles [1958-1977]",ARSYOWS1187FB41157,ca3bea8d-1882-4b26-b8bf-db9916d2686d,"The Rascals",150.69995,0.686720833772,0.408091818588,965,4.0,66.0;113.0;8.0;3.0;24.0;54.0;666.0;85.0;33.0;75.0;121.0;36.0;30.0;23.0;17.0;10.0;1.0;16.0;41.0;27.0;101.0;104.0;4.0;6.0;9.0;68.0;12.0;7.0;93.0;59.0;336.0;105.0;2.0;13.0;57.0;62.0;87.0;69.0;0.0;65.0;19.0;50.0;188.0;5.0;38.0;26.0]
[1958,TRZCCVP128F931FBB5,Lollipop,SOPODMB12AB01817E5,"UK - 1958 - April",ARS07UZ1187FB5796D,997117eb-5a4c-4a37-99f9-f2515e2d9739,Chordettes,127.99955,0.606341874273,0.440198676277,4495,0.0,295.0;506.0;18.0;24.0;54.0;245.0;28.0;85.0;116.0;36.0;690.0;92.0;23.0;248.0;63.0;1.0;88.0;90.0;35.0;41.0;213.0;185.0;277.0;4.0;6.0;7.0;59.0;193.0;105.0;2.0;89.0;13.0;69.0;0.0;137.0;141.0;65.0;19.0;50.0;264.0;148.0;5.0;38.0;671.0]
[1958,TRWHITR128F428FD7A,"One O'Clock Jump",SOBCVOQ12A8C139996,"Benny Goodman: Very Best of Benny Goodman",ARDKL6M1187B98B444,b09ae88f-4156-4caa-b129-1cacb5e1632e,"Benny Goodman and His Orchestra",195.39546,0.662915387622,0.516530216388,1621,1087.0;233.0;525.0;22.0;133.0,113.0;8.0;189.0;3.0;24.0;146.0;54.0;327.0;245.0;28.0;304.0;45.0;36.0;91.0;392.0;297.0;31.0;63.0;1.0;73.0;53.0;29.0;9.0;12.0;43.0;183.0;7.0;93.0;37.0;177.0;201.0;105.0;219.0;2.0;103.0;14.0;424.0;0.0;212.0;145.0;50.0;148.0;5.0]
[1958,TRJCZQQ12903CCC657,"Waltzing Matilda",SOMVUVB12AF729EBC9,"The Teady Bears Picnic",ARN69L01187B99DFFA,086c1936-9eaa-4091-b140-ad33a51a3b71,"Burl Ives",144.61342,0.675381974887,0.637325837377,93,1.0;0.0,295.0;113.0;24.0;54.0;245.0;548.0;240.0;79.0;36.0;91.0;191.0;30.0;92.0;601.0;248.0;63.0;1.0;16.0;41.0;341.0;20.0;1118.0;4.0;7.0;93.0;166.0;58.0;205.0;500.0;105.0;371.0;2.0;13.0;0.0;141.0;2543.0;65.0;19.0;50.0;148.0;25.0;570.0;5.0;38.0;26.0;165.0]
[1958,TRDACLE128F932D0BC,Crazeology,SOTKFHH12AB0183881,"For Real!",ARR96OZ1187B990E59,0becbf36-027e-4b92-9689-ae03cc4ea6bb,"Hampton Hawes",403.48689,0.489012246956,0.364805277352,1,1.0;242.0;255.0;22.0;173.0;560.0;1280.0,295.0;78.0;327.0;33.0;74.0;181.0;297.0;691.0;17.0;1.0;99.0;199.0;27.0;64.0;118.0;20.0;331.0;7.0;139.0;285.0;525.0;278.0;1550.0;39.0;175.0;95.0;865.0;124.0;100.0;900.0;2.0;19.0;145.0;148.0;3871.0;1926.0]
[1958,TRHVUAX128F932D0BA,Hip,SOBQQXK12A58A779FF,"For Real!",ARR96OZ1187B990E59,0becbf36-027e-4b92-9689-ae03cc4ea6bb,"Hampton Hawes",375.40526,0.489012246956,0.364805277352,5,1.0;242.0;255.0;22.0;173.0;560.0;1280.0,295.0;78.0;327.0;33.0;74.0;181.0;297.0;691.0;17.0;1.0;99.0;199.0;27.0;64.0;118.0;20.0;331.0;7.0;139.0;285.0;525.0;278.0;1550.0;39.0;175.0;95.0;865.0;124.0;100.0;900.0;2.0;19.0;145.0;148.0;3871.0;1926.0]
[1958,TRXFCPF128F4263C01,"Close To You",SOADJIA12A58A7D088,"The Anthology",AR2MSUY1187B9B4602,f86f1f07-d182-45ce-ae93-ef610880ca72,"Muddy Waters",184.5024,0.758735810267,0.471883294899,234,1.0;37.0;520.0;0.0;439.0;280.0,32.0;28.0;450.0;79.0;135.0;400.0;1170.0;47.0;689.0;838.0;62.0;0.0;119.0;293.0]
[1958,TRWIYDH128F9311BB8,"Alligator Wine",SOXBQGT12AB01831FE,"High Heel Sneakers - Rock 'n' Roll Classics Vol. 2",ARWVOHH1187FB5974B,185af318-55c7-405f-8b00-0fa308e56da9,"Screamin' Jay Hawkins",224.70485,0.719492291264,0.467565441274,227,0.0,295.0;113.0;110.0;8.0;24.0;129.0;28.0;85.0;36.0;191.0;399.0;73.0;11.0;27.0;213.0;196.0;183.0;7.0;653.0;58.0;37.0;105.0;62.0;305.0;69.0;44.0;355.0;0.0;137.0;141.0;1393.0;40.0;19.0;5.0;38.0]
[1958,TRXFBCH128F427130D,"St. Louis Blues",SOFAMYL12A8C135C6F,"In Your Own Sweet Way",ARLKR161187FB50694,7bf711e9-4e69-4e08-b6e8-c0cb5805f1e7,"Dave Brubeck Quartet",175.51628,0.739779752036,0.492955719605,394,1.0;22.0,295.0;113.0;102.0;32.0;189.0;24.0;327.0;173.0;45.0;79.0;91.0;297.0;63.0;1.0;99.0;11.0;16.0;199.0;53.0;331.0;43.0;7.0;285.0;525.0;39.0;175.0;93.0;124.0;98.0;476.0;105.0;100.0;381.0;184.0;309.0;131.0;145.0;50.0;148.0;5.0]
[1958,TRSGXEI128F92D2C1C,Tangerine,SOWZUAH12A8C132DF9,"The Great Concerts...Amsterdam_ Copenhagen_ Carnegie Hall",ARLKR161187FB50694,7bf711e9-4e69-4e08-b6e8-c0cb5805f1e7,"The Dave Brubeck Quartet",615.3922,0.739779752036,0.492955719605,4,1.0;22.0,295.0;113.0;102.0;32.0;189.0;24.0;327.0;173.0;45.0;79.0;91.0;297.0;63.0;1.0;99.0;11.0;16.0;199.0;53.0;331.0;43.0;7.0;285.0;525.0;39.0;175.0;93.0;124.0;98.0;476.0;105.0;100.0;381.0;184.0;309.0;131.0;145.0;50.0;148.0;5.0]
[1958,TRYFVJP128F4265501,"Teacher's Pet",SOWIULO12A8C1302E2,"Doris Day'S Greatest Hits",AR33JQI1187B9ADC2A,3db5dfb1-1b91-4038-8268-ae04d15b6a3e,"Doris Day",157.04771,0.666218830842,0.443814288639,53,1.0;233.0;63.0;11.0,295.0;113.0;52.0;32.0;8.0;3.0;24.0;245.0;28.0;116.0;240.0;79.0;91.0;30.0;17.0;63.0;1.0;21.0;90.0;35.0;16.0;53.0;130.0;29.0;43.0;7.0;93.0;105.0;2.0;14.0;0.0;19.0;50.0;600.0;148.0;617.0;38.0;337.0;671.0;165.0]
[1958,TRUMPZW12903CFB6AC,"In The Blue Of The Evening",SOZRBBC12AC4689B51,"Reet Petite",ARHRKTK1187B99E1D5,f0bf4fa0-028e-452f-82d3-7d4375e105dd,"Jackie Wilson",173.5571,0.693327978998,0.419408141119,1,0.0,3.0;54.0;128.0;28.0;116.0;1073.0;36.0;92.0;23.0;248.0;17.0;63.0;357.0;10.0;1.0;88.0;41.0;27.0;101.0;4.0;6.0;12.0;132.0;7.0;139.0;373.0;48.0;460.0;105.0;363.0;2.0;89.0;13.0;86.0;103.0;87.0;69.0;34.0;0.0;137.0;141.0;83.0;131.0;65.0;19.0;145.0;15.0;38.0]
[1958,TRTRTGT128F92D34A6,"Lonely Teardrops",SOJRCUU12A58A7824D,"The Very Best of the 50's - Volume 4",ARHRKTK1187B99E1D5,f0bf4fa0-028e-452f-82d3-7d4375e105dd,"Jackie Wilson",160.49587,0.693327978998,0.419408141119,3740,0.0,3.0;54.0;128.0;28.0;116.0;1073.0;36.0;92.0;23.0;248.0;17.0;63.0;357.0;10.0;1.0;88.0;41.0;27.0;101.0;4.0;6.0;12.0;132.0;7.0;139.0;373.0;48.0;460.0;105.0;363.0;2.0;89.0;13.0;86.0;103.0;87.0;69.0;34.0;0.0;137.0;141.0;83.0;131.0;65.0;19.0;145.0;15.0;38.0]
[1958,TRPQDJQ128F931FB2F,"Come Back To Me",SOHOEEP12AB0180ABD,"Lonely Teardrops",ARHRKTK1187B99E1D5,f0bf4fa0-028e-452f-82d3-7d4375e105dd,"Jackie Wilson",130.71628,0.693327978998,0.419408141119,4,0.0,3.0;54.0;128.0;28.0;116.0;1073.0;36.0;92.0;23.0;248.0;17.0;63.0;357.0;10.0;1.0;88.0;41.0;27.0;101.0;4.0;6.0;12.0;132.0;7.0;139.0;373.0;48.0;460.0;105.0;363.0;2.0;89.0;13.0;86.0;103.0;87.0;69.0;34.0;0.0;137.0;141.0;83.0;131.0;65.0;19.0;145.0;15.0;38.0]
[1958,TRJOUHR12903CFB69B,Etcetera,SORUGTE12AC46893D8,"Reet Petite",ARHRKTK1187B99E1D5,f0bf4fa0-028e-452f-82d3-7d4375e105dd,"Jackie Wilson",144.97914,0.693327978998,0.419408141119,20,0.0,3.0;54.0;128.0;28.0;116.0;1073.0;36.0;92.0;23.0;248.0;17.0;63.0;357.0;10.0;1.0;88.0;41.0;27.0;101.0;4.0;6.0;12.0;132.0;7.0;139.0;373.0;48.0;460.0;105.0;363.0;2.0;89.0;13.0;86.0;103.0;87.0;69.0;34.0;0.0;137.0;141.0;83.0;131.0;65.0;19.0;145.0;15.0;38.0]
[1958,TRLHUYE12903CAE07E,"To Be Loved",SOLKUWE12AB018782A,"A Table For Two",ARHRKTK1187B99E1D5,f0bf4fa0-028e-452f-82d3-7d4375e105dd,"Jackie Wilson",149.52444,0.693327978998,0.419408141119,783,0.0,3.0;54.0;128.0;28.0;116.0;1073.0;36.0;92.0;23.0;248.0;17.0;63.0;357.0;10.0;1.0;88.0;41.0;27.0;101.0;4.0;6.0;12.0;132.0;7.0;139.0;373.0;48.0;460.0;105.0;363.0;2.0;89.0;13.0;86.0;103.0;87.0;69.0;34.0;0.0;137.0;141.0;83.0;131.0;65.0;19.0;145.0;15.0;38.0]
[1958,TRNHQCE128F145CE3F,"Day In - Day Out (1998 Digital Remaster)",SOEILYB12A58A7AD25,"Come Dance With Me!",ARTASUV1187B9A2B67,197450cd-0124-4164-b723-3c22dd16494d,"Frank Sinatra",205.08689,0.825841245707,0.612041454864,2,1.0;63.0;1920.0;22.0;11.0;133.0,54.0;245.0;63.0;7.0;404.0;105.0;2.0;639.0;19.0;148.0;617.0;38.0;337.0]
[1958,TRMZQKB128F145CE41,"Baubles_ Bangles And Beads (1998 Digital Remaster)",SOBBSJH12A6D4F6D86,"Come Dance With Me!",ARTASUV1187B9A2B67,197450cd-0124-4164-b723-3c22dd16494d,"Frank Sinatra",166.50404,0.838908050062,0.56266192634,20,1.0;63.0;1920.0;22.0;11.0;133.0,54.0;245.0;63.0;7.0;404.0;105.0;2.0;639.0;19.0;148.0;617.0;38.0;337.0]
[1958,TRDLKOD128F146841C,"How Are Ya' Fixed For Love?",SOAGWGS12A6D4F7B73,"Sinatra 80th - All The Best",ARTASUV1187B9A2B67,197450cd-0124-4164-b723-3c22dd16494d,"Frank Sinatra",146.59873,0.838908050062,0.56266192634,323,1.0;63.0;1920.0;22.0;11.0;133.0,54.0;245.0;63.0;7.0;404.0;105.0;2.0;639.0;19.0;148.0;617.0;38.0;337.0]
[1958,TRWNFLW12903CEFE23,"Mood Indigo",SOENPKL12A58A776EA,"Into The Jazz",AR2UWUD1187B9B3B01,2944824d-4c26-476f-a981-be849081942f,"Nina Simone",145.03138,0.761133770373,0.538120543323,1410,1.0;0.0;8.0;176.0;22.0;52.0;62.0,657.0;54.0;28.0;79.0;91.0;438.0;16.0;27.0;196.0;174.0;43.0;7.0;404.0;93.0;100.0;2.0;69.0;0.0;335.0;119.0;217.0;19.0;377.0;600.0;5.0;38.0;337.0;293.0;768.0]
[1958,TRBOXNP128F92E713A,"He Needs Me",SOGXWMO12A6D4F8750,"The Essential Nina Simone",AR2UWUD1187B9B3B01,2944824d-4c26-476f-a981-be849081942f,"Nina Simone",148.84526,0.761138734412,0.538120543323,1840,1.0;0.0;8.0;176.0;22.0;52.0;62.0,657.0;54.0;28.0;79.0;91.0;438.0;16.0;27.0;196.0;174.0;43.0;7.0;404.0;93.0;100.0;2.0;69.0;0.0;335.0;119.0;217.0;19.0;377.0;600.0;5.0;38.0;337.0;293.0;768.0]
[1958,TRENILT128F931FD24,"Oh Lonesome Me",SOXGSHA12A8C142FBD,"Don Gibson: All-Time Greatest Hits",AR7CCCC1187FB578FF,870ab832-904b-4b49-ab72-7e6b0e0da65f,"Don Gibson",145.97179,0.540750151436,0.379651219002,11,1.0,113.0;189.0;24.0;54.0;28.0;493.0;36.0;30.0;290.0;461.0;92.0;248.0;63.0;16.0;41.0;64.0;20.0;196.0;463.0;166.0;58.0;500.0;1700.0;585.0;577.0;1499.0;105.0;2.0;13.0;0.0;141.0;119.0;40.0;65.0;19.0;50.0;242.0;430.0;5.0;38.0;26.0]
[1958,TRLMEZY128F931EC78,"I Can't Stop Lovin' You",SOWQDXQ12AB01828FE,"Country Heaven - 25 Immortal Favourites",AR7CCCC1187FB578FF,870ab832-904b-4b49-ab72-7e6b0e0da65f,"Don Gibson",198.32118,0.540750151436,0.379651219002,78,1.0,113.0;189.0;24.0;54.0;28.0;493.0;36.0;30.0;290.0;461.0;92.0;248.0;63.0;16.0;41.0;64.0;20.0;196.0;463.0;166.0;58.0;500.0;1700.0;585.0;577.0;1499.0;105.0;2.0;13.0;0.0;141.0;119.0;40.0;65.0;19.0;50.0;242.0;430.0;5.0;38.0;26.0]
[1958,TRYJUZE128F145D097,"Two People In The World",SOYPQLR12A6D4F6821,"25 Greatest Hits",ARQH3WI1187FB5647C,bcb77c0a-0faa-4f10-bfd5-fd8583f4bfba,"Little Anthony & The Imperials",154.27873,0.537893773391,0.412211331107,182,0.0,8.0;54.0;140.0;28.0;85.0;279.0;116.0;36.0;92.0;84.0;23.0;248.0;154.0;10.0;1.0;263.0;11.0;27.0;273.0;101.0;185.0;178.0;130.0;60.0;4.0;9.0;12.0;7.0;37.0;177.0;373.0;257.0;48.0;460.0;105.0;2.0;13.0;305.0;14.0;44.0;0.0;137.0;141.0;361.0;65.0;19.0;188.0;56.0;38.0]
[1958,TRNKHXI128F145D096,"Tears On My Pillow",SOUPRSY12A6D4F6820,"25 Greatest Hits",ARQH3WI1187FB5647C,bcb77c0a-0faa-4f10-bfd5-fd8583f4bfba,"Little Anthony & The Imperials",138.16118,0.0,0.412211331107,3227,0.0,8.0;54.0;140.0;28.0;85.0;279.0;116.0;36.0;92.0;84.0;23.0;248.0;154.0;10.0;1.0;263.0;11.0;27.0;273.0;101.0;185.0;178.0;130.0;60.0;4.0;9.0;12.0;7.0;37.0;177.0;373.0;257.0;48.0;460.0;105.0;2.0;13.0;305.0;14.0;44.0;0.0;137.0;141.0;361.0;65.0;19.0;188.0;56.0;38.0]
[1958,TRFZISF128F14946AB,"Don't You Remember? (Digitally Remastered 97)",SODKXZU12A6D4F9DA1,"This Is Dean Martin",ARIFGKC1187B9B04D5,5e6c760b-42e0-4df4-a221-0269355da00a,"Dean Martin",143.62077,0.708436678094,0.643240355949,4,1.0;233.0;0.0;11.0,78.0;79.0;930.0;90.0;171.0;93.0;166.0;58.0;124.0;317.0;2.0;220.0;119.0;217.0;617.0;38.0]
[1958,TRXZIHM128F14946B0,"Angel Baby (1998 Digital Remaster)",SONHDWY12A6D4F9DA3,"This Is Dean Martin",ARIFGKC1187B9B04D5,5e6c760b-42e0-4df4-a221-0269355da00a,"Dean Martin",166.21669,0.708436678094,0.623970265514,76,1.0;233.0;0.0;11.0,78.0;79.0;930.0;90.0;171.0;93.0;166.0;58.0;124.0;317.0;2.0;220.0;119.0;217.0;617.0;38.0]
[1958,TRLLHMV12903CFAF87,"Stay On It",SOHLMAU12AC468E993,"The Anthology",ARQ5TM41187FB3E97D,a4c73ebe-b2c7-4f13-b99d-2fe1f9f27da8,"Cannonball Adderley",278.282,0.702578487132,0.411616781937,161,1.0,113.0;102.0;24.0;327.0;245.0;28.0;214.0;833.0;79.0;297.0;23.0;17.0;63.0;1.0;99.0;41.0;301.0;199.0;53.0;27.0;118.0;20.0;196.0;331.0;4.0;43.0;134.0;7.0;139.0;278.0;39.0;175.0;98.0;100.0;87.0;34.0;0.0;202.0;309.0;131.0;19.0;145.0;260.0;148.0;5.0;337.0]
[1958,TRVCBZW12903CFAF74,"Our Delight",SOEWJYK12AC9075B8D,"The Anthology",ARQ5TM41187FB3E97D,a4c73ebe-b2c7-4f13-b99d-2fe1f9f27da8,"Cannonball Adderley",284.3424,0.702578487132,0.411616781937,55,1.0,113.0;102.0;24.0;327.0;245.0;28.0;214.0;833.0;79.0;297.0;23.0;17.0;63.0;1.0;99.0;41.0;301.0;199.0;53.0;27.0;118.0;20.0;196.0;331.0;4.0;43.0;134.0;7.0;139.0;278.0;39.0;175.0;98.0;100.0;87.0;34.0;0.0;202.0;309.0;131.0;19.0;145.0;260.0;148.0;5.0;337.0]
[1958,TRLLSPK128F4260476,"Sounds For Sid",SOCXMOR12A8C1390A3,"Things Are Getting Better",ARQ5TM41187FB3E97D,a4c73ebe-b2c7-4f13-b99d-2fe1f9f27da8,"Cannonball Adderley / Milt Jackson",384.23465,0.702578487132,0.411616781937,219,1.0,113.0;102.0;24.0;327.0;245.0;28.0;214.0;833.0;79.0;297.0;23.0;17.0;63.0;1.0;99.0;41.0;301.0;199.0;53.0;27.0;118.0;20.0;196.0;331.0;4.0;43.0;134.0;7.0;139.0;278.0;39.0;175.0;98.0;100.0;87.0;34.0;0.0;202.0;309.0;131.0;19.0;145.0;260.0;148.0;5.0;337.0]
[1958,TRZRWFU128F9319519,"Le Pornographe",SOZMEBR12AB017EA56,"Volume 6",ARLV8S31187B988B71,b58165ba-ac55-49a1-8855-caf16c68f5f2,"Georges Brassens",219.66322,0.633408899496,0.39428966212,361,355.0;368.0;139.0;41.0;114.0;54.0;73.0;80.0;16.0;201.0;274.0;132.0;140.0;79.0;527.0,295.0;113.0;32.0;8.0;18.0;78.0;107.0;116.0;453.0;79.0;1248.0;30.0;63.0;99.0;16.0;41.0;609.0;53.0;2018.0;489.0;47.0;665.0;462.0;698.0;7.0;93.0;253.0;58.0;124.0;98.0;1017.0;371.0;2.0;0.0;40.0;233.0;115.0;260.0;26.0]
[1958,TRVIMOE128F145A874,"Le Vieux Léon",SOBUYXV12A6D4F6C15,"Master Serie V2",ARLV8S31187B988B71,b58165ba-ac55-49a1-8855-caf16c68f5f2,"Georges Brassens",226.32444,0.633408899496,0.39428966212,35,355.0;368.0;139.0;41.0;114.0;54.0;73.0;80.0;16.0;201.0;274.0;132.0;140.0;79.0;527.0,295.0;113.0;32.0;8.0;18.0;78.0;107.0;116.0;453.0;79.0;1248.0;30.0;63.0;99.0;16.0;41.0;609.0;53.0;2018.0;489.0;47.0;665.0;462.0;698.0;7.0;93.0;253.0;58.0;124.0;98.0;1017.0;371.0;2.0;0.0;40.0;233.0;115.0;260.0;26.0]
[1958,TRABZWP128F9332FD6,"Loving You",SOQECSG12AB0185EBA,"Rebel Rouser",ARLH9TN1187B98E170,efc0ee36-ad69-45af-8602-991b254b7529,"Duane Eddy",128.31302,0.629993151773,0.401256926188,12,1.0;0.0,3.0;54.0;28.0;85.0;116.0;493.0;36.0;30.0;92.0;23.0;248.0;63.0;1.0;88.0;11.0;16.0;41.0;27.0;101.0;104.0;4.0;12.0;55.0;43.0;369.0;7.0;105.0;2.0;13.0;87.0;305.0;424.0;34.0;0.0;137.0;141.0;274.0;40.0;83.0;1144.0;65.0;19.0;145.0;50.0;264.0;15.0;578.0;26.0]
[1958,TRILUPC128F9300BC4,"Good Bait",SOFKHSA12A8C134351,Soultrane,ARIOZCU1187FB3A3DC,b625448e-bf4a-41c3-a421-72ad46cdb831,"JOHN COLTRANE",729.36444,0.796357078697,0.487700539415,177,1.0;39.0;338.0;242.0;425.0;255.0;22.0;26.0;498.0;316.0;12.0,295.0;113.0;112.0;78.0;327.0;129.0;28.0;1397.0;79.0;215.0;11.0;583.0;271.0;199.0;174.0;331.0;445.0;1324.0;43.0;7.0;127.0;562.0;100.0;381.0;396.0;442.0;0.0;309.0;19.0;284.0;410.0;5.0]
[1958,TRDVUFB12903CE64C1,"Double Trouble",SOTJIOA12AC3DF55D6,"Violent Love",ARRH52A1187B9ABAF0,40ee7c92-f44a-4d14-9aee-f87244465ee4,"Otis Rush",165.642,0.606518207233,0.365487160468,480,1.0;520.0;280.0,295.0;113.0;110.0;3.0;24.0;78.0;28.0;85.0;855.0;450.0;677.0;36.0;91.0;30.0;290.0;92.0;399.0;357.0;99.0;53.0;160.0;47.0;448.0;664.0;4.0;12.0;7.0;525.0;596.0;58.0;124.0;390.0;497.0;1006.0;2.0;13.0;69.0;0.0;19.0;145.0;50.0;242.0;578.0;939.0;5.0]
[1958,TRWDDNY128F9300ABB,"All Your Love (I Miss Loving)",SOHPOVW12A8C14009B,"Very Best Of The Blues",ARRH52A1187B9ABAF0,40ee7c92-f44a-4d14-9aee-f87244465ee4,"Otis Rush",164.20526,0.606518209209,0.365487160468,191,1.0;520.0;280.0,295.0;113.0;110.0;3.0;24.0;78.0;28.0;85.0;855.0;450.0;677.0;36.0;91.0;30.0;290.0;92.0;399.0;357.0;99.0;53.0;160.0;47.0;448.0;664.0;4.0;12.0;7.0;525.0;596.0;58.0;124.0;390.0;497.0;1006.0;2.0;13.0;69.0;0.0;19.0;145.0;50.0;242.0;578.0;939.0;5.0]
[1958,TRGWKVV12903CE64BB,"Checking On My Baby",SOERKMP12AC3DF55CD,"Violent Love",ARRH52A1187B9ABAF0,40ee7c92-f44a-4d14-9aee-f87244465ee4,"Otis Rush",176.63955,0.606518209209,0.365487160468,38,1.0;520.0;280.0,295.0;113.0;110.0;3.0;24.0;78.0;28.0;85.0;855.0;450.0;677.0;36.0;91.0;30.0;290.0;92.0;399.0;357.0;99.0;53.0;160.0;47.0;448.0;664.0;4.0;12.0;7.0;525.0;596.0;58.0;124.0;390.0;497.0;1006.0;2.0;13.0;69.0;0.0;19.0;145.0;50.0;242.0;578.0;939.0;5.0]
[1958,TRLWWCT12903CE64C9,"Three Times a Fool",SOEXPRP12AC3DF55E6,"Violent Love",ARRH52A1187B9ABAF0,40ee7c92-f44a-4d14-9aee-f87244465ee4,"Otis Rush",171.65016,0.606518209209,0.365487160468,202,1.0;520.0;280.0,295.0;113.0;110.0;3.0;24.0;78.0;28.0;85.0;855.0;450.0;677.0;36.0;91.0;30.0;290.0;92.0;399.0;357.0;99.0;53.0;160.0;47.0;448.0;664.0;4.0;12.0;7.0;525.0;596.0;58.0;124.0;390.0;497.0;1006.0;2.0;13.0;69.0;0.0;19.0;145.0;50.0;242.0;578.0;939.0;5.0]
[1958,TRLBSZU128F424AC54,"Mambo De La Pinta",SOGBVYU12A6D4F7293,"Blue 'N' Groovy Vol. 2: Mostly Modal",AR15R2V1187B9A9803,266b9126-4a40-4b9b-b21e-422d72e64254,"Art Pepper",256.33914,0.614756343849,0.433744849313,2161,1.0;841.0;500.0;255.0;22.0;504.0;548.0;522.0,657.0;295.0;24.0;327.0;28.0;74.0;897.0;297.0;276.0;389.0;99.0;199.0;20.0;394.0;331.0;445.0;43.0;97.0;134.0;7.0;139.0;819.0;525.0;1362.0;175.0;1112.0;95.0;865.0;569.0;381.0;309.0;136.0;763.0;148.0;5.0;1926.0;358.0]
[1958,TRVQLGY12903CB348F,"Rockin' Around The Christmas Tree",SOAVJBU12AAF3B370C,"Backline X-Mas Edition 2009",ARGKD4W1187B990E04,6ca4886a-8f77-4133-b404-46fb3908e24a,"Brenda Lee",125.28281,0.669371501935,0.568425639745,3238,1.0;0.0;32.0;11.0;5.0,3.0;54.0;28.0;85.0;33.0;116.0;493.0;36.0;30.0;464.0;92.0;31.0;23.0;248.0;17.0;63.0;10.0;1.0;88.0;35.0;16.0;41.0;27.0;185.0;331.0;4.0;9.0;12.0;360.0;7.0;175.0;105.0;2.0;89.0;13.0;87.0;0.0;137.0;141.0;258.0;83.0;131.0;65.0;19.0;50.0;38.0;337.0;26.0]
[1958,TRVKSUW128F145B822,"Bay Of Mexico",SODMOCO12A6D4F91BB,"The Kingston Trio/From The Hungry I",ARMIRFN1187FB3BD09,78977492-5888-4c7a-92b3-95293e90a653,"The Kingston Trio",172.48608,0.580910693233,0.433910556105,10,1.0;8.0,295.0;113.0;32.0;24.0;54.0;245.0;28.0;85.0;74.0;116.0;36.0;91.0;690.0;191.0;30.0;92.0;23.0;248.0;63.0;1.0;16.0;41.0;341.0;197.0;4.0;6.0;7.0;166.0;105.0;190.0;2.0;13.0;0.0;141.0;40.0;131.0;65.0;19.0;148.0;25.0;570.0;5.0;38.0;26.0]
[1958,TRGIWZI128F145B821,"Three Jolly Coachmen",SODCZZZ12A58A77D6B,"The Kingston Trio/From The Hungry I",ARMIRFN1187FB3BD09,78977492-5888-4c7a-92b3-95293e90a653,"The Kingston Trio",107.75465,0.580910693233,0.433910556105,26,1.0;8.0,295.0;113.0;32.0;24.0;54.0;245.0;28.0;85.0;74.0;116.0;36.0;91.0;690.0;191.0;30.0;92.0;23.0;248.0;63.0;1.0;16.0;41.0;341.0;197.0;4.0;6.0;7.0;166.0;105.0;190.0;2.0;13.0;0.0;141.0;40.0;131.0;65.0;19.0;148.0;25.0;570.0;5.0;38.0;26.0]
[1958,TRCNIEF128F93313E8,"Rip It Up",SOLKMCU12A8C1416A9,"Be Bop A Lula",ARPAB1I1187B9AD8E4,091ec508-877f-4e3c-92a3-10903bbbc7ad,"The Everly Brothers",136.07138,0.693288764069,0.457060063055,3,1.0;0.0,113.0;52.0;24.0;54.0;149.0;265.0;28.0;85.0;79.0;493.0;36.0;91.0;690.0;30.0;92.0;23.0;248.0;63.0;1.0;88.0;16.0;41.0;341.0;20.0;7.0;166.0;58.0;124.0;98.0;105.0;497.0;2.0;13.0;62.0;69.0;0.0;137.0;141.0;220.0;136.0;65.0;19.0;5.0;38.0;337.0;26.0]
[1958,TRVFSPE128F930AA04,"Devoted To You",SOMEWHZ12AB01818CE,"Rock & Roll Legenden (The Platters Vs. The Everly Brothers)",ARPAB1I1187B9AD8E4,091ec508-877f-4e3c-92a3-10903bbbc7ad,"The Everly Brothers",142.05342,0.693288764069,0.457060063055,1723,1.0;0.0,113.0;52.0;24.0;54.0;149.0;265.0;28.0;85.0;79.0;493.0;36.0;91.0;690.0;30.0;92.0;23.0;248.0;63.0;1.0;88.0;16.0;41.0;341.0;20.0;7.0;166.0;58.0;124.0;98.0;105.0;497.0;2.0;13.0;62.0;69.0;0.0;137.0;141.0;220.0;136.0;65.0;19.0;5.0;38.0;337.0;26.0]
[1958,TRYJTDM128F92EFC48,"I'm Here To Get My Baby Out of Jail",SOHDJCX12A58A7C3A8,"Songs Our Daddy Taughts Us",ARPAB1I1187B9AD8E4,091ec508-877f-4e3c-92a3-10903bbbc7ad,"The Everly Brothers",214.62159,0.693288532001,0.457060063055,271,1.0;0.0,113.0;52.0;24.0;54.0;149.0;265.0;28.0;85.0;79.0;493.0;36.0;91.0;690.0;30.0;92.0;23.0;248.0;63.0;1.0;88.0;16.0;41.0;341.0;20.0;7.0;166.0;58.0;124.0;98.0;105.0;497.0;2.0;13.0;62.0;69.0;0.0;137.0;141.0;220.0;136.0;65.0;19.0;5.0;38.0;337.0;26.0]
[1958,TRTOQUH128F92EFDEE,"Should We Tell Him",SOBFNHE12A8C1416E5,"Forever The Everly Brothers",ARPAB1I1187B9AD8E4,091ec508-877f-4e3c-92a3-10903bbbc7ad,"The Everly Brothers",126.24934,0.693288764069,0.457060063055,532,1.0;0.0,113.0;52.0;24.0;54.0;149.0;265.0;28.0;85.0;79.0;493.0;36.0;91.0;690.0;30.0;92.0;23.0;248.0;63.0;1.0;88.0;16.0;41.0;341.0;20.0;7.0;166.0;58.0;124.0;98.0;105.0;497.0;2.0;13.0;62.0;69.0;0.0;137.0;141.0;220.0;136.0;65.0;19.0;5.0;38.0;337.0;26.0]
[1958,TRYNOVS12903CBDF07,"Bird Dog",SOCSLLY12AF72A297F,"Reunion Concert",ARPAB1I1187B9AD8E4,091ec508-877f-4e3c-92a3-10903bbbc7ad,"The Everly Brothers",157.09995,0.693288764069,0.457060063055,2050,1.0;0.0,113.0;52.0;24.0;54.0;149.0;265.0;28.0;85.0;79.0;493.0;36.0;91.0;690.0;30.0;92.0;23.0;248.0;63.0;1.0;88.0;16.0;41.0;341.0;20.0;7.0;166.0;58.0;124.0;98.0;105.0;497.0;2.0;13.0;62.0;69.0;0.0;137.0;141.0;220.0;136.0;65.0;19.0;5.0;38.0;337.0;26.0]
[1999,TRYCJMD12903CBFFD4,"People Got To Be Free",SOBYXAH12AB01884D9,"Atlantic Records 40th Anniversary: Hit Singles [1958-1977]",ARSYOWS1187FB41157,ca3bea8d-1882-4b26-b8bf-db9916d2686d,"The Rascals",179.33016,0.686720833772,0.408091818588,4946,4.0,66.0;113.0;8.0;3.0;24.0;54.0;666.0;85.0;33.0;75.0;121.0;36.0;30.0;23.0;17.0;10.0;1.0;16.0;41.0;27.0;101.0;104.0;4.0;6.0;9.0;68.0;12.0;7.0;93.0;59.0;336.0;105.0;2.0;13.0;57.0;62.0;87.0;69.0;0.0;65.0;19.0;50.0;188.0;5.0;38.0;26.0]
