[1959,TRPWNUH128F92CB375,"Keep It Moving (Take 4)",SOALBND12A8C1447E1,"Kelly Blue",AR3PPRH1187B99FCDD,d3f9352c-18e2-47a0-802c-13d821490e42,"Wynton Kelly",454.26893,0.171667383144,0.422383486641,75,1.0;22.0,295.0;113.0;143.0;327.0;245.0;1232.0;28.0;214.0;897.0;297.0;199.0;53.0;331.0;43.0;302.0;541.0;7.0;1722.0;139.0;917.0;2745.0;525.0;1112.0;865.0;166.0;569.0;500.0;100.0;900.0;2.0;381.0;19.0;145.0;600.0;148.0;5.0]
[1959,TRLTKKO128F92CB372,"Softly As In A Morning Sunrise",SOHGBBK12A8C1447D7,"Kelly Blue",AR3PPRH1187B99FCDD,d3f9352c-18e2-47a0-802c-13d821490e42,"Wynton Kelly",393.03791,0.527149868747,0.422383486641,6,1.0;22.0,295.0;113.0;143.0;327.0;245.0;1232.0;28.0;214.0;897.0;297.0;199.0;53.0;331.0;43.0;302.0;541.0;7.0;1722.0;139.0;917.0;2745.0;525.0;1112.0;865.0;166.0;569.0;500.0;100.0;900.0;2.0;381.0;19.0;145.0;600.0;148.0;5.0]
[1959,TRAVNLN128F145E3F9,"A Christmas Carol",SOSWTMZ12A6D4F621C,"Tom Lehrer In Concert",ARJMYTZ1187FB54669,359363a8-1dc7-40c9-9337-f5aa507000b6,"Tom Lehrer",185.25995,0.61323987632,0.392368757532,1,153.0,295.0;113.0;32.0;24.0;245.0;28.0;366.0;116.0;191.0;30.0;123.0;16.0;161.0;213.0;60.0;462.0;12.0;7.0;108.0;111.0;312.0;100.0;718.0;190.0;2.0;13.0;14.0;0.0;1437.0;40.0;19.0;260.0;613.0;148.0;5.0;38.0;26.0]
[1959,TRUEVQZ12903CF4D62,"The Masochism Tango",SOSWVPN12A8C142DF3,"The Wit And Wisdom Of Tom Lehrer",ARJMYTZ1187FB54669,359363a8-1dc7-40c9-9337-f5aa507000b6,"Tom Lehrer",180.92363,0.61323987632,0.392368757532,505,153.0,295.0;113.0;32.0;24.0;245.0;28.0;366.0;116.0;191.0;30.0;123.0;16.0;161.0;213.0;60.0;462.0;12.0;7.0;108.0;111.0;312.0;100.0;718.0;190.0;2.0;13.0;14.0;0.0;1437.0;40.0;19.0;260.0;613.0;148.0;5.0;38.0;26.0]
[1959,TRLDXSZ12903CB7181,"In Old Mexico",SOUWKUB12A8C140A27,"An Evening Wasted With Tom Lehrer",ARJMYTZ1187FB54669,359363a8-1dc7-40c9-9337-f5aa507000b6,"Tom Lehrer",399.09832,0.61323987632,0.392368757532,112,153.0,295.0;113.0;32.0;24.0;245.0;28.0;366.0;116.0;191.0;30.0;123.0;16.0;161.0;213.0;60.0;462.0;12.0;7.0;108.0;111.0;312.0;100.0;718.0;190.0;2.0;13.0;14.0;0.0;1437.0;40.0;19.0;260.0;613.0;148.0;5.0;38.0;26.0]
[1959,TRMWWLP12903D1585F,"Lobo Bobo (Foolish Wolf)",SOZCHLL12AC468D5CA,"Chega de Saudade",AR3THYK1187B999F1F,286ec4c2-b5ca-4f85-b331-280a6d73dd14,"João Gilberto",77.94893,0.645192338747,0.471224329919,145,134.0;1867.0;217.0,295.0;113.0;32.0;18.0;78.0;214.0;315.0;304.0;833.0;63.0;1317.0;47.0;12.0;43.0;7.0;39.0;175.0;93.0;58.0;124.0;184.0;0.0;274.0;258.0;136.0;40.0;217.0;131.0;19.0;423.0;38.0;337.0;358.0;165.0]
[1959,TRPOUNY12903D1586F,"Aos Pés da Cruz (At the Foot of the Cross)",SOPDUNJ12AC468D5E1,"Chega de Saudade",AR3THYK1187B999F1F,286ec4c2-b5ca-4f85-b331-280a6d73dd14,"João Gilberto",91.53261,0.645192338747,0.471224329919,120,134.0;1867.0;217.0,295.0;113.0;32.0;18.0;78.0;214.0;315.0;304.0;833.0;63.0;1317.0;47.0;12.0;43.0;7.0;39.0;175.0;93.0;58.0;124.0;184.0;0.0;274.0;258.0;136.0;40.0;217.0;131.0;19.0;423.0;38.0;337.0;358.0;165.0]
[1959,TREGJMK12903D0077A,"Bim Bom",SOKOXTS12AB0183492,"Bossa Nova Café Vol. 01",AR3THYK1187B999F1F,286ec4c2-b5ca-4f85-b331-280a6d73dd14,"Joao Gilberto",72.54159,0.645192338747,0.471224329919,323,134.0;1867.0;217.0,295.0;113.0;32.0;18.0;78.0;214.0;315.0;304.0;833.0;63.0;1317.0;47.0;12.0;43.0;7.0;39.0;175.0;93.0;58.0;124.0;184.0;0.0;274.0;258.0;136.0;40.0;217.0;131.0;19.0;423.0;38.0;337.0;358.0;165.0]
[1959,TRLOCNU12903D15860,"Brigas Nunca Mais (Fights_ Never More)",SODSTEC12AC468D5CC,"Chega de Saudade",AR3THYK1187B999F1F,286ec4c2-b5ca-4f85-b331-280a6d73dd14,"João Gilberto",123.08853,0.645192338747,0.471224329919,65,134.0;1867.0;217.0,295.0;113.0;32.0;18.0;78.0;214.0;315.0;304.0;833.0;63.0;1317.0;47.0;12.0;43.0;7.0;39.0;175.0;93.0;58.0;124.0;184.0;0.0;274.0;258.0;136.0;40.0;217.0;131.0;19.0;423.0;38.0;337.0;358.0;165.0]
[1959,TRNLPUZ12903CCFEE9,"Rosa Morena",SONLHCI12AB018992B,"Bossa Nova Story Vol. 2",AR3THYK1187B999F1F,286ec4c2-b5ca-4f85-b331-280a6d73dd14,"Joa~o Gilberto",124.60363,0.645192338747,0.458738221226,517,134.0;1867.0;217.0,295.0;113.0;32.0;18.0;78.0;214.0;315.0;304.0;833.0;63.0;1317.0;47.0;12.0;43.0;7.0;39.0;175.0;93.0;58.0;124.0;184.0;0.0;274.0;258.0;136.0;40.0;217.0;131.0;19.0;423.0;38.0;337.0;358.0;165.0]
[1959,TRTGCOX12903D15871,"E Luxo Só (It's Just a Luxury)",SOQDJZH12AC468D5F8,"Chega de Saudade",AR3THYK1187B999F1F,286ec4c2-b5ca-4f85-b331-280a6d73dd14,"João Gilberto",115.04281,0.645192338747,0.471224329919,127,134.0;1867.0;217.0,295.0;113.0;32.0;18.0;78.0;214.0;315.0;304.0;833.0;63.0;1317.0;47.0;12.0;43.0;7.0;39.0;175.0;93.0;58.0;124.0;184.0;0.0;274.0;258.0;136.0;40.0;217.0;131.0;19.0;423.0;38.0;337.0;358.0;165.0]
[1959,TRXEGCL12903D1586C,"Morena Boca De Ouro (Brunette With a Mouth of Gold)",SOXPYGH12AC468D5DD,"Chega de Saudade",AR3THYK1187B999F1F,286ec4c2-b5ca-4f85-b331-280a6d73dd14,"João Gilberto",116.29669,0.645192338747,0.471224329919,34,134.0;1867.0;217.0,295.0;113.0;32.0;18.0;78.0;214.0;315.0;304.0;833.0;63.0;1317.0;47.0;12.0;43.0;7.0;39.0;175.0;93.0;58.0;124.0;184.0;0.0;274.0;258.0;136.0;40.0;217.0;131.0;19.0;423.0;38.0;337.0;358.0;165.0]
[1959,TREZICY12903D1585D,"Chega de Saudade (No More Blues)",SOUBRZP12AF72A51E6,"Chega de Saudade",AR3THYK1187B999F1F,286ec4c2-b5ca-4f85-b331-280a6d73dd14,"João Gilberto",119.95383,0.645192338747,0.471224329919,1568,134.0;1867.0;217.0,295.0;113.0;32.0;18.0;78.0;214.0;315.0;304.0;833.0;63.0;1317.0;47.0;12.0;43.0;7.0;39.0;175.0;93.0;58.0;124.0;184.0;0.0;274.0;258.0;136.0;40.0;217.0;131.0;19.0;423.0;38.0;337.0;358.0;165.0]
[1959,TRREFIA12903CB838F,Desafinado,SOBETFO12AB018668B,"Paris Jazz Cafe Vol.3",AR3THYK1187B999F1F,286ec4c2-b5ca-4f85-b331-280a6d73dd14,"Joao Gilberto",117.96853,0.645192338747,0.471224329919,2433,134.0;1867.0;217.0,295.0;113.0;32.0;18.0;78.0;214.0;315.0;304.0;833.0;63.0;1317.0;47.0;12.0;43.0;7.0;39.0;175.0;93.0;58.0;124.0;184.0;0.0;274.0;258.0;136.0;40.0;217.0;131.0;19.0;423.0;38.0;337.0;358.0;165.0]
[1959,TRXVSRT12903D15867,"Maria Ninguém (Maria Nobody)",SONLFAC12AC468D5D7,"Chega de Saudade",AR3THYK1187B999F1F,286ec4c2-b5ca-4f85-b331-280a6d73dd14,"João Gilberto",140.01587,0.645192338747,0.471224329919,345,134.0;1867.0;217.0,295.0;113.0;32.0;18.0;78.0;214.0;315.0;304.0;833.0;63.0;1317.0;47.0;12.0;43.0;7.0;39.0;175.0;93.0;58.0;124.0;184.0;0.0;274.0;258.0;136.0;40.0;217.0;131.0;19.0;423.0;38.0;337.0;358.0;165.0]
[1959,TRSGUTX12903D15865,"Saudade Fêz Um Samba (Saudade Made a Samba)",SOTUXWW12B0B80BCDC,"Chega de Saudade",AR3THYK1187B999F1F,286ec4c2-b5ca-4f85-b331-280a6d73dd14,"João Gilberto",104.17587,0.645192338747,0.471224329919,87,134.0;1867.0;217.0,295.0;113.0;32.0;18.0;78.0;214.0;315.0;304.0;833.0;63.0;1317.0;47.0;12.0;43.0;7.0;39.0;175.0;93.0;58.0;124.0;184.0;0.0;274.0;258.0;136.0;40.0;217.0;131.0;19.0;423.0;38.0;337.0;358.0;165.0]
[1959,TRSGTPT128F4255885,"Rosa Morena",SOWUEQF12A8C136A8E,"Getz/Gilberto #2",AR3THYK1187B999F1F,286ec4c2-b5ca-4f85-b331-280a6d73dd14,"João Gilberto",244.68853,0.699697381965,0.458738221226,310,134.0;1867.0;217.0,295.0;113.0;32.0;18.0;78.0;214.0;315.0;304.0;833.0;63.0;1317.0;47.0;12.0;43.0;7.0;39.0;175.0;93.0;58.0;124.0;184.0;0.0;274.0;258.0;136.0;40.0;217.0;131.0;19.0;423.0;38.0;337.0;358.0;165.0]
[1959,TRPIIKH12903D15863,"Hó-Bá-Lá-Lá",SOLPSEF12AC468D5D1,"Chega de Saudade",AR3THYK1187B999F1F,286ec4c2-b5ca-4f85-b331-280a6d73dd14,"João Gilberto",133.74649,0.645192338747,0.471224329919,141,134.0;1867.0;217.0,295.0;113.0;32.0;18.0;78.0;214.0;315.0;304.0;833.0;63.0;1317.0;47.0;12.0;43.0;7.0;39.0;175.0;93.0;58.0;124.0;184.0;0.0;274.0;258.0;136.0;40.0;217.0;131.0;19.0;423.0;38.0;337.0;358.0;165.0]
[1959,TRHUBPB12903CFB6A9,"We Have Love",SOPGWWJ12AC4689B4C,"Reet Petite",ARHRKTK1187B99E1D5,f0bf4fa0-028e-452f-82d3-7d4375e105dd,"Jackie Wilson",143.96036,0.693327978998,0.419408141119,2,0.0,3.0;54.0;128.0;28.0;116.0;1073.0;36.0;92.0;23.0;248.0;17.0;63.0;357.0;10.0;1.0;88.0;41.0;27.0;101.0;4.0;6.0;12.0;132.0;7.0;139.0;373.0;48.0;460.0;105.0;363.0;2.0;89.0;13.0;86.0;103.0;87.0;69.0;34.0;0.0;137.0;141.0;83.0;131.0;65.0;19.0;145.0;15.0;38.0]
[1959,TRSYFMB12903CB734A,"Love Is All",SOYRERB12AB0184A62,"The Jackie Wilson Genesis",ARHRKTK1187B99E1D5,f0bf4fa0-028e-452f-82d3-7d4375e105dd,"Jackie Wilson",156.49914,0.693327978998,0.419408141119,3,0.0,3.0;54.0;128.0;28.0;116.0;1073.0;36.0;92.0;23.0;248.0;17.0;63.0;357.0;10.0;1.0;88.0;41.0;27.0;101.0;4.0;6.0;12.0;132.0;7.0;139.0;373.0;48.0;460.0;105.0;363.0;2.0;89.0;13.0;86.0;103.0;87.0;69.0;34.0;0.0;137.0;141.0;83.0;131.0;65.0;19.0;145.0;15.0;38.0]
[1959,TRVUXWH12903CF1745,Hush-A-Bye,SONPAXU12AC468B738,"Lonely Teardrops",ARHRKTK1187B99E1D5,f0bf4fa0-028e-452f-82d3-7d4375e105dd,"Jackie Wilson",163.89179,0.693327978998,0.419408141119,2,0.0,3.0;54.0;128.0;28.0;116.0;1073.0;36.0;92.0;23.0;248.0;17.0;63.0;357.0;10.0;1.0;88.0;41.0;27.0;101.0;4.0;6.0;12.0;132.0;7.0;139.0;373.0;48.0;460.0;105.0;363.0;2.0;89.0;13.0;86.0;103.0;87.0;69.0;34.0;0.0;137.0;141.0;83.0;131.0;65.0;19.0;145.0;15.0;38.0]
[1959,TRBVSGS12903CF173D,"By The Light Of The Silvery Moon",SOXYKRV12AC46893F5,"Lonely Teardrops",ARHRKTK1187B99E1D5,f0bf4fa0-028e-452f-82d3-7d4375e105dd,"Jackie Wilson",146.23302,0.693327978998,0.419408141119,6,0.0,3.0;54.0;128.0;28.0;116.0;1073.0;36.0;92.0;23.0;248.0;17.0;63.0;357.0;10.0;1.0;88.0;41.0;27.0;101.0;4.0;6.0;12.0;132.0;7.0;139.0;373.0;48.0;460.0;105.0;363.0;2.0;89.0;13.0;86.0;103.0;87.0;69.0;34.0;0.0;137.0;141.0;83.0;131.0;65.0;19.0;145.0;15.0;38.0]
[1959,TRRPDLM12903CB7345,"That's Why (I Love You So)",SODOGHD12AB018CE06,"The Jackie Wilson Genesis",ARHRKTK1187B99E1D5,f0bf4fa0-028e-452f-82d3-7d4375e105dd,"Jackie Wilson",123.71546,0.693327978998,0.419408141119,175,0.0,3.0;54.0;128.0;28.0;116.0;1073.0;36.0;92.0;23.0;248.0;17.0;63.0;357.0;10.0;1.0;88.0;41.0;27.0;101.0;4.0;6.0;12.0;132.0;7.0;139.0;373.0;48.0;460.0;105.0;363.0;2.0;89.0;13.0;86.0;103.0;87.0;69.0;34.0;0.0;137.0;141.0;83.0;131.0;65.0;19.0;145.0;15.0;38.0]
[1959,TRLIDCU128F93010E8,"You Better Know It",SODJWID12A8C13F498,"Rock 'n' Roll And Pop Hits_ The 50s_ Vol. 41",ARHRKTK1187B99E1D5,f0bf4fa0-028e-452f-82d3-7d4375e105dd,"Jackie Wilson",116.1922,0.693327978998,0.419408141119,80,0.0,3.0;54.0;128.0;28.0;116.0;1073.0;36.0;92.0;23.0;248.0;17.0;63.0;357.0;10.0;1.0;88.0;41.0;27.0;101.0;4.0;6.0;12.0;132.0;7.0;139.0;373.0;48.0;460.0;105.0;363.0;2.0;89.0;13.0;86.0;103.0;87.0;69.0;34.0;0.0;137.0;141.0;83.0;131.0;65.0;19.0;145.0;15.0;38.0]
[1959,TRHQRVN128F14616B0,"I Can't Get Started (1999 Digital Remaster)",SOBXWPO12AF72A4979,"No One Cares",ARTASUV1187B9A2B67,197450cd-0124-4164-b723-3c22dd16494d,"Frank Sinatra",241.10975,0.838940224158,0.56266192634,3,1.0;63.0;1920.0;22.0;11.0;133.0,54.0;245.0;63.0;7.0;404.0;105.0;2.0;639.0;19.0;148.0;617.0;38.0;337.0]
[1959,TRRJACG128F14616AF,"Here's That Rainy Day (1999 Digital Remaster)",SOBLUOE12A6D4F6C71,"No One Cares",ARTASUV1187B9A2B67,197450cd-0124-4164-b723-3c22dd16494d,"Frank Sinatra",214.96118,0.838908050062,0.56266192634,5,1.0;63.0;1920.0;22.0;11.0;133.0,54.0;245.0;63.0;7.0;404.0;105.0;2.0;639.0;19.0;148.0;617.0;38.0;337.0]
[1959,TRCGPTK12903CF3565,"Big Bopper's Wedding",SOVXKQN12AC4689F71,"The Best Of Big Bopper",ARIBQCB1187FB493FF,fa77efc7-e40a-438e-9521-a85e64e26044,"Big Bopper",129.98485,0.593812373209,0.400486926741,35,0.0,295.0;113.0;821.0;76.0;3.0;24.0;146.0;54.0;33.0;36.0;3585.0;248.0;1.0;64.0;1324.0;77.0;58.0;500.0;105.0;2.0;13.0;0.0;137.0;141.0;5877.0;19.0;50.0;452.0;1868.0;227.0;5.0;38.0]
[1959,TRNVBYS128F9349113,"Little Red Riding Hood",SOUOMVU12AB018170A,"Thats What I Like",ARIBQCB1187FB493FF,fa77efc7-e40a-438e-9521-a85e64e26044,"The Big Bopper",131.44771,0.593812373209,0.400486926741,57,0.0,295.0;113.0;821.0;76.0;3.0;24.0;146.0;54.0;33.0;36.0;3585.0;248.0;1.0;64.0;1324.0;77.0;58.0;500.0;105.0;2.0;13.0;0.0;137.0;141.0;5877.0;19.0;50.0;452.0;1868.0;227.0;5.0;38.0]
[1959,TRCSPEF12903CF355C,"Preacher And The Bear",SOBKWWD12AF72A8FB3,"The Best Of Big Bopper",ARIBQCB1187FB493FF,fa77efc7-e40a-438e-9521-a85e64e26044,"Big Bopper",141.68771,0.593812373209,0.400486926741,320,0.0,295.0;113.0;821.0;76.0;3.0;24.0;146.0;54.0;33.0;36.0;3585.0;248.0;1.0;64.0;1324.0;77.0;58.0;500.0;105.0;2.0;13.0;0.0;137.0;141.0;5877.0;19.0;50.0;452.0;1868.0;227.0;5.0;38.0]
[1959,TRWFFRG128F92FE8F3,"Chantilly Lace",SOPNQMJ12AB017F56C,"Spotlight On The Big Bopper",ARIBQCB1187FB493FF,fa77efc7-e40a-438e-9521-a85e64e26044,"Big Bopper",142.81098,0.593812373209,0.400486926741,10195,0.0,295.0;113.0;821.0;76.0;3.0;24.0;146.0;54.0;33.0;36.0;3585.0;248.0;1.0;64.0;1324.0;77.0;58.0;500.0;105.0;2.0;13.0;0.0;137.0;141.0;5877.0;19.0;50.0;452.0;1868.0;227.0;5.0;38.0]
[1959,TRUOTFZ12903CF15A5,"Children Go Where I Send You",SOEWJKW12A6310E8C9,"The Amazing Nina Simone",AR2UWUD1187B9B3B01,2944824d-4c26-476f-a981-be849081942f,"Nina Simone",174.99383,0.761138734412,0.538120543323,1361,1.0;0.0;8.0;176.0;22.0;52.0;62.0,657.0;54.0;28.0;79.0;91.0;438.0;16.0;27.0;196.0;174.0;43.0;7.0;404.0;93.0;100.0;2.0;69.0;0.0;335.0;119.0;217.0;19.0;377.0;600.0;5.0;38.0;337.0;293.0;768.0]
[1959,TRFIYBQ12903CEB6E6,"Willow Weep For Me",SOGBSZS12AC3DF447D,Trilogy,AR2UWUD1187B9B3B01,2944824d-4c26-476f-a981-be849081942f,"Nina Simone",194.61179,0.661601101289,0.587353388802,1398,1.0;0.0;8.0;176.0;22.0;52.0;62.0,657.0;54.0;28.0;79.0;91.0;438.0;16.0;27.0;196.0;174.0;43.0;7.0;404.0;93.0;100.0;2.0;69.0;0.0;335.0;119.0;217.0;19.0;377.0;600.0;5.0;38.0;337.0;293.0;768.0]
[1959,TRCYNVM128F4240F8B,"Exactly Like You",SOEAMKQ12A8C132440,"Trouble In Mind",AR2UWUD1187B9B3B01,2944824d-4c26-476f-a981-be849081942f,"Nina Simone",194.21995,0.661601101289,0.538120543323,69,1.0;0.0;8.0;176.0;22.0;52.0;62.0,657.0;54.0;28.0;79.0;91.0;438.0;16.0;27.0;196.0;174.0;43.0;7.0;404.0;93.0;100.0;2.0;69.0;0.0;335.0;119.0;217.0;19.0;377.0;600.0;5.0;38.0;337.0;293.0;768.0]
[1959,TRTCWRC128F149DCE0,"Black Is The Color Of My True Love's Hair",SOFHXAP12A6D4FA2D6,"Wild Is The Wind / High Priestess Of Soul",AR2UWUD1187B9B3B01,2944824d-4c26-476f-a981-be849081942f,"Nina Simone",209.05751,0.761138734412,0.587353388802,13,1.0;0.0;8.0;176.0;22.0;52.0;62.0,657.0;54.0;28.0;79.0;91.0;438.0;16.0;27.0;196.0;174.0;43.0;7.0;404.0;93.0;100.0;2.0;69.0;0.0;335.0;119.0;217.0;19.0;377.0;600.0;5.0;38.0;337.0;293.0;768.0]
[1959,TRBBDYD12903CE4DF7,"Mack the Knife",SOZMRKC12AB01807AE,"Dream Lover In Concert",ARD0FN11187B9B25CD,1f223eed-aa38-49da-9e76-62ab3adc2e04,"Bobby Darin",221.07383,0.704411470237,0.459283107649,14,1.0;233.0;63.0;8.0;11.0;5.0;127.0,295.0;113.0;8.0;24.0;143.0;78.0;245.0;28.0;1162.0;45.0;79.0;36.0;30.0;248.0;63.0;35.0;16.0;41.0;341.0;7.0;93.0;166.0;58.0;124.0;105.0;497.0;2.0;13.0;62.0;14.0;0.0;137.0;141.0;40.0;131.0;19.0;50.0;148.0;617.0;5.0;38.0;337.0]
[1959,TRRXMOY12903CB89CE,"Dream Lover",SOYCGZK12AB018B261,"UK - 1959 - Top 50",ARD0FN11187B9B25CD,1f223eed-aa38-49da-9e76-62ab3adc2e04,"Bobby Darin",150.36036,0.704411470237,0.469425907976,4919,1.0;233.0;63.0;8.0;11.0;5.0;127.0,295.0;113.0;8.0;24.0;143.0;78.0;245.0;28.0;1162.0;45.0;79.0;36.0;30.0;248.0;63.0;35.0;16.0;41.0;341.0;7.0;93.0;166.0;58.0;124.0;105.0;497.0;2.0;13.0;62.0;14.0;0.0;137.0;141.0;40.0;131.0;19.0;50.0;148.0;617.0;5.0;38.0;337.0]
[1959,TRBDBKV12903CE396B,"Mack The Knife",SOGTNDK12A6D4FA462,"US - November - 1959",ARD0FN11187B9B25CD,1f223eed-aa38-49da-9e76-62ab3adc2e04,"Bobby Darin",183.58812,0.704411406668,0.459283107649,386,1.0;233.0;63.0;8.0;11.0;5.0;127.0,295.0;113.0;8.0;24.0;143.0;78.0;245.0;28.0;1162.0;45.0;79.0;36.0;30.0;248.0;63.0;35.0;16.0;41.0;341.0;7.0;93.0;166.0;58.0;124.0;105.0;497.0;2.0;13.0;62.0;14.0;0.0;137.0;141.0;40.0;131.0;19.0;50.0;148.0;617.0;5.0;38.0;337.0]
[1959,TRWDNIN128F145D488,"Solitaire (1996 Digital Remaster)",SOJXTMJ12A6701E789,"A Winter Romance",ARIFGKC1187B9B04D5,5e6c760b-42e0-4df4-a221-0269355da00a,"Dean Martin",165.01506,0.708436678094,0.623970265514,1455,1.0;233.0;0.0;11.0,78.0;79.0;930.0;90.0;171.0;93.0;166.0;58.0;124.0;317.0;2.0;220.0;119.0;217.0;617.0;38.0]
[1959,TRCEWUQ128F42A254B,Spook!,SOESIVI12A8C13D1BB,"Peter Gunn",ARZWPWP1241B9CA793,83e71a21-caf7-4e48-8ff7-6512d51e88a3,"Henry Mancini & His Orchestra",179.17342,0.615859697229,0.437494806886,2,1.0;0.0;667.0;51.0;205.0;1371.0,113.0;110.0;52.0;18.0;24.0;245.0;28.0;79.0;91.0;215.0;63.0;1.0;21.0;772.0;598.0;27.0;9.0;43.0;837.0;7.0;750.0;93.0;166.0;1287.0;105.0;219.0;971.0;965.0;100.0;2.0;131.0;50.0;612.0;148.0;5.0;337.0]
[1959,TRPOQIN128F42A253F,"Walkin' Bass",SOEGOHO12A8C13D1A1,"Peter Gunn",ARZWPWP1241B9CA793,83e71a21-caf7-4e48-8ff7-6512d51e88a3,"Henry Mancini & His Orchestra",263.49669,0.615859697229,0.437494806886,24,1.0;0.0;667.0;51.0;205.0;1371.0,113.0;110.0;52.0;18.0;24.0;245.0;28.0;79.0;91.0;215.0;63.0;1.0;21.0;772.0;598.0;27.0;9.0;43.0;837.0;7.0;750.0;93.0;166.0;1287.0;105.0;219.0;971.0;965.0;100.0;2.0;131.0;50.0;612.0;148.0;5.0;337.0]
[1959,TRLGRRQ128F42670CC,"Stars Fell On Alabama",SOKPZAI12A8C1339B4,"Radio Nights",ARQ5TM41187FB3E97D,a4c73ebe-b2c7-4f13-b99d-2fe1f9f27da8,"Cannonball Adderley",458.81424,0.702578487132,0.411616781937,174,1.0,113.0;102.0;24.0;327.0;245.0;28.0;214.0;833.0;79.0;297.0;23.0;17.0;63.0;1.0;99.0;41.0;301.0;199.0;53.0;27.0;118.0;20.0;196.0;331.0;4.0;43.0;134.0;7.0;139.0;278.0;39.0;175.0;98.0;100.0;87.0;34.0;0.0;202.0;309.0;131.0;19.0;145.0;260.0;148.0;5.0;337.0]
[1959,TRTRELK12903D07E31,"Please Don't Touch",SORSUMR12A6D4F8239,"Please Don't Touch (EP)",ARS8QU51187FB4310A,28dc7c32-8c77-43c8-8156-5c92bba8ae87,"Johnny Kidd & The Pirates",115.77424,0.565993938979,0.380338595221,37,3.0;6.0;2.0,113.0;3.0;149.0;128.0;28.0;75.0;855.0;573.0;36.0;30.0;23.0;248.0;17.0;1.0;88.0;11.0;16.0;41.0;101.0;277.0;324.0;42.0;4.0;6.0;12.0;7.0;58.0;37.0;48.0;105.0;2.0;13.0;103.0;62.0;14.0;34.0;0.0;137.0;141.0;217.0;65.0;19.0;145.0;38.0;26.0]
[1959,TRMISXH128F4277150,"I Still Miss Someone",SODTRQE12AB017FEAC,Love,ARH861H1187B9B799E,d43d12a1-2dc9-4257-a2fd-0a3bb1081b86,"Johnny Cash",155.45424,0.817256939293,0.779558979607,5,1.0;37.0;32.0;1160.0;8.0;176.0;5.0;127.0,113.0;32.0;79.0;30.0;314.0;16.0;196.0;47.0;463.0;1324.0;2.0;396.0;0.0;141.0;233.0;19.0;243.0;430.0]
[1959,TRYJEBD128F92DDE2D,"Straight A's in Love",SOHRCIX12A8C13F658,"Johnny Cash: Remixed",ARH861H1187B9B799E,d43d12a1-2dc9-4257-a2fd-0a3bb1081b86,"Johnny Cash",173.19138,0.817256939293,0.735208877747,14,1.0;37.0;32.0;1160.0;8.0;176.0;5.0;127.0,113.0;32.0;79.0;30.0;314.0;16.0;196.0;47.0;463.0;1324.0;2.0;396.0;0.0;141.0;233.0;19.0;243.0;430.0]
[1959,TREGPUA128F933B6FD,"Goodbye Little Darlin' Goodbye",SOQONMI12AB0183FD1,"Open Road",ARH861H1187B9B799E,d43d12a1-2dc9-4257-a2fd-0a3bb1081b86,"Johnny Cash",132.49261,0.817256939293,0.735208877747,61,1.0;37.0;32.0;1160.0;8.0;176.0;5.0;127.0,113.0;32.0;79.0;30.0;314.0;16.0;196.0;47.0;463.0;1324.0;2.0;396.0;0.0;141.0;233.0;19.0;243.0;430.0]
[1959,TRXPCDW128F426C1D9,"The Battle Of New Orleans",SOAARZM12A58A7D41B,"American Originals",ARTBFV61187FB3C250,8736f41f-365e-42c7-a733-36c22e74c97e,"Johnny Horton",151.50975,0.610427725145,0.438168226182,241,1.0;32.0;2121.0,295.0;32.0;24.0;146.0;54.0;28.0;85.0;74.0;107.0;116.0;493.0;36.0;297.0;30.0;464.0;92.0;23.0;63.0;1.0;16.0;41.0;27.0;196.0;463.0;7.0;278.0;95.0;166.0;58.0;1700.0;98.0;105.0;120.0;2.0;13.0;67.0;87.0;0.0;141.0;65.0;19.0;50.0;430.0;5.0;38.0;26.0]
[1959,TRCIOHX128E078E7BA,"Peggy Sue Got Married",SOKNFAE12A6701DED5,"Golden Greats",ARBJ5U71187FB52A76,d352f5dd-3023-4565-a7bb-52396bf8821d,"Buddy Holly",125.88363,0.686669419343,0.512312380865,392,1.0;0.0;5.0;127.0,295.0;113.0;110.0;52.0;32.0;8.0;3.0;24.0;54.0;28.0;36.0;30.0;92.0;1.0;35.0;16.0;41.0;101.0;20.0;47.0;42.0;60.0;4.0;9.0;68.0;12.0;7.0;58.0;37.0;105.0;2.0;13.0;87.0;14.0;44.0;0.0;137.0;141.0;40.0;1144.0;65.0;19.0;50.0;5.0;26.0]
[1959,TRTEIGV128F935011E,"Raining In My Heart",SOTPVEB12AB0181355,"Not Fade Away: The Complete Studio Recordings And More",ARBJ5U71187FB52A76,d352f5dd-3023-4565-a7bb-52396bf8821d,"Buddy Holly",168.80281,0.686669419343,0.512312380865,1,1.0;0.0;5.0;127.0,295.0;113.0;110.0;52.0;32.0;8.0;3.0;24.0;54.0;28.0;36.0;30.0;92.0;1.0;35.0;16.0;41.0;101.0;20.0;47.0;42.0;60.0;4.0;9.0;68.0;12.0;7.0;58.0;37.0;105.0;2.0;13.0;87.0;14.0;44.0;0.0;137.0;141.0;40.0;1144.0;65.0;19.0;50.0;5.0;26.0]
[1959,TRHMQMF128F428C7F7,"Rock Around The Clock",SONLQWA12A8C13B8AC,"Shout-The RCA Sessions",ARTG85X1187B99D1F5,4a76400d-283f-492e-9754-18ef41755f81,"The Isley Brothers",134.60853,0.750583406489,0.57177070788,1,1.0;1968.0;103.0;52.0;5.0;62.0;40.0,79.0;30.0;23.0;248.0;27.0;161.0;118.0;196.0;174.0;171.0;43.0;390.0;544.0;120.0;100.0;2.0;543.0;0.0;217.0;946.0;19.0;125.0;38.0]
[1959,TRKFEBX128F4259365,"Almost Grown",SOKHPOV12A8C13D641,"Reelin' And Rockin' - The Very Best Of",AR6NBDC1187FB4D96D,592a3b6d-c42b-4567-99c9-ecf63bd66499,"Chuck Berry",139.72853,0.735926365084,0.540697460464,3103,1.0;0.0;5.0;127.0,79.0;36.0;30.0;47.0;1324.0;43.0;105.0;100.0;2.0;0.0;141.0]
[1959,TRUHXAG12903D02696,Cutie,SOJNEOC12AC3DFB4B6,"Valentines Day: Jazz",AR6Q4T91187B995616,3b47247e-5b57-49b6-a0ed-bad80243802a,"Sonny Rollins",347.95057,0.742098566521,0.427419670574,6,1.0;22.0,113.0;110.0;52.0;8.0;24.0;143.0;327.0;28.0;403.0;79.0;91.0;215.0;297.0;23.0;99.0;301.0;199.0;53.0;27.0;118.0;20.0;331.0;9.0;43.0;7.0;139.0;285.0;39.0;175.0;166.0;111.0;100.0;381.0;0.0;309.0;136.0;131.0;19.0;148.0;5.0;358.0]
[1959,TRQNGIX12903CF36EB,"Black Is The Color",SODHZEN12AC960DA00,"Rare_ Live And Classic",AR60ODO1187FB4D9AB,92d37892-6186-4459-9cc1-f0dde57652d0,"Joan Baez",148.27057,0.732261286176,0.455289243597,10,272.0;1.0;349.0;32.0;8.0;176.0;11.0;5.0;488.0;152.0,113.0;110.0;52.0;32.0;8.0;3.0;24.0;54.0;78.0;28.0;85.0;116.0;36.0;584.0;30.0;92.0;1.0;11.0;90.0;35.0;16.0;41.0;341.0;53.0;20.0;47.0;203.0;6.0;9.0;7.0;105.0;190.0;2.0;13.0;62.0;0.0;40.0;65.0;19.0;50.0;49.0;15.0;570.0;5.0;38.0;26.0]
[1959,TRCKQWG12903CDC5A0,"Walkin' Shoes",SOXHOYQ12AB0188657,"The Big Band Sound",AR15R2V1187B9A9803,266b9126-4a40-4b9b-b21e-422d72e64254,"Art Pepper",210.33751,0.614761467766,0.433744849313,2,1.0;841.0;500.0;255.0;22.0;504.0;548.0;522.0,657.0;295.0;24.0;327.0;28.0;74.0;897.0;297.0;276.0;389.0;99.0;199.0;20.0;394.0;331.0;445.0;43.0;97.0;134.0;7.0;139.0;819.0;525.0;1362.0;175.0;1112.0;95.0;865.0;569.0;381.0;309.0;136.0;763.0;148.0;5.0;1926.0;358.0]
[1959,TRJBIYS128F4295137,"Groovin' High",SOUYLSS12A8C13E2C4,"Modern Jazz Classics",AR15R2V1187B9A9803,266b9126-4a40-4b9b-b21e-422d72e64254,"Art Pepper",202.97098,0.614761467766,0.433744849313,92,1.0;841.0;500.0;255.0;22.0;504.0;548.0;522.0,657.0;295.0;24.0;327.0;28.0;74.0;897.0;297.0;276.0;389.0;99.0;199.0;20.0;394.0;331.0;445.0;43.0;97.0;134.0;7.0;139.0;819.0;525.0;1362.0;175.0;1112.0;95.0;865.0;569.0;381.0;309.0;136.0;763.0;148.0;5.0;1926.0;358.0]
[1959,TRBSMSC12903CEED73,Move,SOACXAV12A8C13E2C2,"Modern Jazz Classics",AR15R2V1187B9A9803,266b9126-4a40-4b9b-b21e-422d72e64254,"Art Pepper + 11",205.92281,0.614761467766,0.433744849313,332,1.0;841.0;500.0;255.0;22.0;504.0;548.0;522.0,657.0;295.0;24.0;327.0;28.0;74.0;897.0;297.0;276.0;389.0;99.0;199.0;20.0;394.0;331.0;445.0;43.0;97.0;134.0;7.0;139.0;819.0;525.0;1362.0;175.0;1112.0;95.0;865.0;569.0;381.0;309.0;136.0;763.0;148.0;5.0;1926.0;358.0]
[1959,TRNVINO128F4295144,"Donna Lee",SOLOFUV12A58A7F2CE,"Modern Jazz Classics",AR15R2V1187B9A9803,266b9126-4a40-4b9b-b21e-422d72e64254,"Art Pepper",204.87791,0.614756343849,0.433744849313,131,1.0;841.0;500.0;255.0;22.0;504.0;548.0;522.0,657.0;295.0;24.0;327.0;28.0;74.0;897.0;297.0;276.0;389.0;99.0;199.0;20.0;394.0;331.0;445.0;43.0;97.0;134.0;7.0;139.0;819.0;525.0;1362.0;175.0;1112.0;95.0;865.0;569.0;381.0;309.0;136.0;763.0;148.0;5.0;1926.0;358.0]
[1959,TRGSJUQ12903CDC59D,"Opus De Funk",SOYHTOO12AB018864F,"The Big Band Sound",AR15R2V1187B9A9803,266b9126-4a40-4b9b-b21e-422d72e64254,"Art Pepper",191.63383,0.614761467766,0.433744849313,53,1.0;841.0;500.0;255.0;22.0;504.0;548.0;522.0,657.0;295.0;24.0;327.0;28.0;74.0;897.0;297.0;276.0;389.0;99.0;199.0;20.0;394.0;331.0;445.0;43.0;97.0;134.0;7.0;139.0;819.0;525.0;1362.0;175.0;1112.0;95.0;865.0;569.0;381.0;309.0;136.0;763.0;148.0;5.0;1926.0;358.0]
[1959,TRNNEEP128F429513A,"Four Brothers",SOWCAJQ12AB0188653,"Modern Jazz Classics",AR15R2V1187B9A9803,266b9126-4a40-4b9b-b21e-422d72e64254,"Art Pepper",178.23302,0.614761467766,0.433744849313,51,1.0;841.0;500.0;255.0;22.0;504.0;548.0;522.0,657.0;295.0;24.0;327.0;28.0;74.0;897.0;297.0;276.0;389.0;99.0;199.0;20.0;394.0;331.0;445.0;43.0;97.0;134.0;7.0;139.0;819.0;525.0;1362.0;175.0;1112.0;95.0;865.0;569.0;381.0;309.0;136.0;763.0;148.0;5.0;1926.0;358.0]
[1959,TRAGYNT128F429513F,Airegin,SOHGMEF12A8C13E2DE,"Modern Jazz Classics",AR15R2V1187B9A9803,266b9126-4a40-4b9b-b21e-422d72e64254,"Art Pepper",180.00934,0.614761467766,0.433744849313,77,1.0;841.0;500.0;255.0;22.0;504.0;548.0;522.0,657.0;295.0;24.0;327.0;28.0;74.0;897.0;297.0;276.0;389.0;99.0;199.0;20.0;394.0;331.0;445.0;43.0;97.0;134.0;7.0;139.0;819.0;525.0;1362.0;175.0;1112.0;95.0;865.0;569.0;381.0;309.0;136.0;763.0;148.0;5.0;1926.0;358.0]
[1959,TRZWUMP128F429513C,"Bernie's Tune",SOZDPNB12A8C13E2D8,"Modern Jazz Classics",AR15R2V1187B9A9803,266b9126-4a40-4b9b-b21e-422d72e64254,"Art Pepper",165.17179,0.614761467766,0.433744849313,183,1.0;841.0;500.0;255.0;22.0;504.0;548.0;522.0,657.0;295.0;24.0;327.0;28.0;74.0;897.0;297.0;276.0;389.0;99.0;199.0;20.0;394.0;331.0;445.0;43.0;97.0;134.0;7.0;139.0;819.0;525.0;1362.0;175.0;1112.0;95.0;865.0;569.0;381.0;309.0;136.0;763.0;148.0;5.0;1926.0;358.0]
[1959,TRMWBBQ128F934F6E9,"Some Of These Days",SOWHGRM12AB01812BD,"The Very Best Of Brenda Lee Vol.2",ARGKD4W1187B990E04,6ca4886a-8f77-4133-b404-46fb3908e24a,"Brenda Lee",145.34485,0.669371501935,0.566912407282,16,1.0;0.0;32.0;11.0;5.0,3.0;54.0;28.0;85.0;33.0;116.0;493.0;36.0;30.0;464.0;92.0;31.0;23.0;248.0;17.0;63.0;10.0;1.0;88.0;35.0;16.0;41.0;27.0;185.0;331.0;4.0;9.0;12.0;360.0;7.0;175.0;105.0;2.0;89.0;13.0;87.0;0.0;137.0;141.0;258.0;83.0;131.0;65.0;19.0;50.0;38.0;337.0;26.0]
[1959,TRCAGIN128F426E8BB,"The Master's Call",SOCOHQR12A58A7CCCC,"Gunfighter Ballads And Trail Songs",AR223M11187B9ADDD6,2c2add7c-9a99-4812-a20e-870d331f01fd,"Marty Robbins",187.16689,0.609896793189,0.479045990995,302,1.0,113.0;52.0;32.0;189.0;24.0;146.0;54.0;265.0;28.0;85.0;116.0;493.0;36.0;297.0;30.0;290.0;461.0;92.0;2450.0;23.0;17.0;46.0;251.0;63.0;1.0;16.0;41.0;27.0;4.0;463.0;7.0;93.0;58.0;1700.0;105.0;2.0;13.0;34.0;0.0;141.0;40.0;65.0;19.0;50.0;430.0;5.0;38.0;26.0]
[1959,TRHREEJ128F42AA157,"Lonely Time (AKA Velvet)",SOINZHQ12A8C141C10,"A Message From Birdland",AR58IM61187FB48368,625f1d57-8bac-4a3a-97af-f407f2967755,"Maynard Ferguson",284.99546,0.596705660349,0.416066584281,4,255.0;22.0;173.0,24.0;327.0;245.0;28.0;107.0;173.0;79.0;897.0;297.0;691.0;23.0;63.0;1.0;99.0;11.0;27.0;64.0;118.0;331.0;4.0;43.0;97.0;134.0;7.0;139.0;285.0;750.0;278.0;1991.0;559.0;500.0;98.0;2.0;381.0;724.0;0.0;131.0;19.0;145.0;50.0;148.0;25.0;410.0;5.0;523.0]
[1959,TRNCVNQ128F42AA150,"The Mark Of Jazz",SOWHYSB12A8C141BF8,"A Message From Birdland",AR58IM61187FB48368,625f1d57-8bac-4a3a-97af-f407f2967755,"Maynard Ferguson",405.41995,0.596705660349,0.416066584281,5,255.0;22.0;173.0,24.0;327.0;245.0;28.0;107.0;173.0;79.0;897.0;297.0;691.0;23.0;63.0;1.0;99.0;11.0;27.0;64.0;118.0;331.0;4.0;43.0;97.0;134.0;7.0;139.0;285.0;750.0;278.0;1991.0;559.0;500.0;98.0;2.0;381.0;724.0;0.0;131.0;19.0;145.0;50.0;148.0;25.0;410.0;5.0;523.0]
[1959,TRRVMFY12903CAF180,"The Bonny Labouring Boy",SORPVKT12A58A782A8,Snapshots,ARGU17H1187FB45013,d7db2c9e-40f1-451a-b868-782b6dce7fbf,"Shirley Collins_ Dolly Collins",252.13342,0.501151478534,0.350280226743,2,8.0,1299.0;32.0;3.0;18.0;2675.0;85.0;75.0;857.0;1483.0;181.0;30.0;92.0;17.0;1.0;164.0;158.0;1441.0;11.0;35.0;16.0;1384.0;41.0;3948.0;854.0;7.0;211.0;59.0;87.0;0.0;335.0;40.0;570.0;1462.0;26.0]
[1959,TRAOLUA128F422BB1D,"Baby's First Christmas",SOVGSQX12A81C22AA5,"Essential Christmas",AR392MV1187FB3C3FE,5fcd7daf-25e1-47fd-9ba1-830b42708f84,"Connie Francis",147.17342,0.61669819236,0.456080519824,291,1.0;11.0,295.0;113.0;110.0;52.0;61.0;24.0;643.0;1162.0;116.0;79.0;36.0;91.0;30.0;23.0;63.0;1.0;21.0;90.0;35.0;16.0;4.0;9.0;228.0;7.0;95.0;105.0;2.0;14.0;44.0;0.0;137.0;141.0;119.0;19.0;50.0;159.0;5.0;38.0]
[1959,TRWLNAU128F4294F8F,"Fables Of Faubus",SOFPLRL12A8C13B03F,"Cornell 1964",ARJ6VQ21187B98BC8A,f3b8e107-abe8-4743-b6a3-4a4ee995e71f,"Charles Mingus",1781.44608,0.695431936127,0.543737738446,7,1.0;338.0;242.0;22.0;548.0,657.0;113.0;76.0;1060.0;112.0;1661.0;78.0;327.0;245.0;129.0;28.0;74.0;745.0;79.0;91.0;80.0;215.0;135.0;31.0;84.0;696.0;200.0;314.0;11.0;1407.0;583.0;271.0;199.0;196.0;171.0;331.0;462.0;739.0;445.0;1324.0;43.0;294.0;7.0;299.0;253.0;1469.0;157.0;283.0;205.0;1269.0;127.0;100.0;190.0;381.0;396.0;236.0;309.0;119.0;239.0;377.0;415.0;148.0;1086.0;1286.0;243.0;410.0;5.0;125.0;38.0;293.0]
[1959,TRXYJGL12903CEA4A2,"No Private Income Blues",SOGRHDQ12AB018DAB5,Nostalgia,ARJ6VQ21187B98BC8A,f3b8e107-abe8-4743-b6a3-4a4ee995e71f,"Charles Mingus",759.53587,0.695431936127,0.513311575835,9,1.0;338.0;242.0;22.0;548.0,657.0;113.0;76.0;1060.0;112.0;1661.0;78.0;327.0;245.0;129.0;28.0;74.0;745.0;79.0;91.0;80.0;215.0;135.0;31.0;84.0;696.0;200.0;314.0;11.0;1407.0;583.0;271.0;199.0;196.0;171.0;331.0;462.0;739.0;445.0;1324.0;43.0;294.0;7.0;299.0;253.0;1469.0;157.0;283.0;205.0;1269.0;127.0;100.0;190.0;381.0;396.0;236.0;309.0;119.0;239.0;377.0;415.0;148.0;1086.0;1286.0;243.0;410.0;5.0;125.0;38.0;293.0]
[1959,TRYJIJQ128F14670AD,"Be My Guest",SOEAYEY12A6D4F913B,"20 Rock 'N' Roll Hits (Int'l Only)",ARD5ZH01187FB3C0E5,e787de5d-49e2-4b1f-9bde-1fd3a671b971,"Fats Domino",122.98404,0.745575312839,0.491707370037,3102,1.0;1096.0;2176.0;700.0;52.0;5.0;4.0;127.0,113.0;3.0;24.0;146.0;738.0;28.0;85.0;916.0;79.0;36.0;290.0;92.0;248.0;41.0;53.0;20.0;47.0;42.0;12.0;43.0;7.0;95.0;596.0;58.0;373.0;98.0;48.0;105.0;100.0;497.0;2.0;13.0;69.0;0.0;137.0;141.0;40.0;131.0;65.0;19.0;50.0;5.0;38.0]
[1959,TRWKJEJ12903CDC6A6,"Break City",SOXTPSI12AB01870AB,Peace,ARNEWMP1187FB3DB31,d185d986-ee96-4fd3-bd61-8c848a4765b6,"Horace Silver",293.19791,0.66463525088,0.425502788578,50,22.0,102.0;3.0;126.0;327.0;28.0;85.0;661.0;214.0;339.0;152.0;403.0;116.0;297.0;92.0;23.0;248.0;17.0;46.0;63.0;1.0;41.0;199.0;27.0;94.0;101.0;331.0;42.0;4.0;12.0;7.0;139.0;285.0;175.0;378.0;48.0;105.0;13.0;87.0;424.0;34.0;0.0;298.0;202.0;258.0;83.0;131.0;145.0;387.0;337.0]
[1959,TRCTVDT128F145988A,"Blowin' The Blues Away",SOMQYIZ12A6D4F66F1,"The Best Of Horace Silver",ARNEWMP1187FB3DB31,d185d986-ee96-4fd3-bd61-8c848a4765b6,"Horace Silver",281.91302,0.66463525088,0.425502788578,79,22.0,102.0;3.0;126.0;327.0;28.0;85.0;661.0;214.0;339.0;152.0;403.0;116.0;297.0;92.0;23.0;248.0;17.0;46.0;63.0;1.0;41.0;199.0;27.0;94.0;101.0;331.0;42.0;4.0;12.0;7.0;139.0;285.0;175.0;378.0;48.0;105.0;13.0;87.0;424.0;34.0;0.0;298.0;202.0;258.0;83.0;131.0;145.0;387.0;337.0]
[1959,TRQLNTE12903CDC698,"The Baghdad Blues",SOVLOYA12AB01888B8,Peace,ARNEWMP1187FB3DB31,d185d986-ee96-4fd3-bd61-8c848a4765b6,"Horace Silver",289.2273,0.66463525088,0.425502788578,40,22.0,102.0;3.0;126.0;327.0;28.0;85.0;661.0;214.0;339.0;152.0;403.0;116.0;297.0;92.0;23.0;248.0;17.0;46.0;63.0;1.0;41.0;199.0;27.0;94.0;101.0;331.0;42.0;4.0;12.0;7.0;139.0;285.0;175.0;378.0;48.0;105.0;13.0;87.0;424.0;34.0;0.0;298.0;202.0;258.0;83.0;131.0;145.0;387.0;337.0]
[1959,TRVREVC128F1459889,"Sister Sadie",SOOARWQ12A6D4F66F0,"The Best Of Horace Silver",ARNEWMP1187FB3DB31,d185d986-ee96-4fd3-bd61-8c848a4765b6,"Horace Silver",378.90567,0.66463525088,0.425502788578,53,22.0,102.0;3.0;126.0;327.0;28.0;85.0;661.0;214.0;339.0;152.0;403.0;116.0;297.0;92.0;23.0;248.0;17.0;46.0;63.0;1.0;41.0;199.0;27.0;94.0;101.0;331.0;42.0;4.0;12.0;7.0;139.0;285.0;175.0;378.0;48.0;105.0;13.0;87.0;424.0;34.0;0.0;298.0;202.0;258.0;83.0;131.0;145.0;387.0;337.0]
[1959,TRWCPIF128F92FDC45,"Puppy Love",SOOYDBT12A6D4F8488,Together,ARYJSY01187B9B7C65,1d543e07-d0d2-4834-a8db-d65c50c2a856,"Dolly Parton & Lynn Anderson",101.92934,0.707332699031,0.603876486918,4,1.0;285.0;32.0;8.0;11.0,265.0;474.0;30.0;632.0;461.0;35.0;16.0;2.0;1195.0;40.0;430.0]
[1959,TRTYJPZ12903CB3B49,Eventually,SOPOZYK12A8C14317C,"The Shape Of Jazz To Come",ARB3TCS1187B99A0D2,169c0d1b-fcb8-4a43-9097-829aa7b39205,"Ornette Coleman",260.51873,0.674843438006,0.396707730396,22,1.0;338.0;0.0;850.0;425.0;22.0,113.0;110.0;18.0;24.0;143.0;327.0;144.0;28.0;79.0;91.0;215.0;262.0;181.0;1.0;99.0;11.0;16.0;301.0;199.0;206.0;53.0;27.0;161.0;118.0;20.0;331.0;43.0;134.0;7.0;139.0;285.0;278.0;391.0;111.0;71.0;381.0;179.0;67.0;0.0;309.0;40.0;5.0]
[1959,TRMGVDT128E078CF51,"Eventually (LP Version)",SOGDGSO12A6701FB49,"The Shape Of Jazz To Come",ARB3TCS1187B99A0D2,169c0d1b-fcb8-4a43-9097-829aa7b39205,"Ornette Coleman",261.90322,0.0,0.396707730396,10,1.0;338.0;0.0;850.0;425.0;22.0,113.0;110.0;18.0;24.0;143.0;327.0;144.0;28.0;79.0;91.0;215.0;262.0;181.0;1.0;99.0;11.0;16.0;301.0;199.0;206.0;53.0;27.0;161.0;118.0;20.0;331.0;43.0;134.0;7.0;139.0;285.0;278.0;391.0;111.0;71.0;381.0;179.0;67.0;0.0;309.0;40.0;5.0]
[1959,TRABEPN128E078CF55,"Chronology (LP Version)",SOFLIYD12A6701FB4D,"The Shape Of Jazz To Come",ARB3TCS1187B99A0D2,169c0d1b-fcb8-4a43-9097-829aa7b39205,"Ornette Coleman",363.4673,0.674843438006,0.396707730396,676,1.0;338.0;0.0;850.0;425.0;22.0,113.0;110.0;18.0;24.0;143.0;327.0;144.0;28.0;79.0;91.0;215.0;262.0;181.0;1.0;99.0;11.0;16.0;301.0;199.0;206.0;53.0;27.0;161.0;118.0;20.0;331.0;43.0;134.0;7.0;139.0;285.0;278.0;391.0;111.0;71.0;381.0;179.0;67.0;0.0;309.0;40.0;5.0]
[1959,TRIVLMP128E078FAFA,"Walkin' The Boogie",SOHYZTT12A6701D0C4,"The Complete '50s Chess Recordings",ARAYCK21187B98EBFD,b0122194-c49a-46a1-ade7-84d1d76bd8e9,"John Lee Hooker",153.3122,0.777911231473,0.471373274121,9,1.0;37.0;2102.0;711.0;439.0;2100.0;280.0;541.0;4.0,295.0;32.0;645.0;28.0;2279.0;79.0;290.0;399.0;357.0;2120.0;259.0;1324.0;518.0;100.0;2.0;442.0;119.0;561.0;239.0;38.0;293.0]
[1959,TRXYAXC128F93007EE,"('Til) I Kissed You",SOEBKCR12AB0183B6B,"American Legends",ARPAB1I1187B9AD8E4,091ec508-877f-4e3c-92a3-10903bbbc7ad,"Everly Brothers",169.32526,0.693288764069,0.457060063055,3814,1.0;0.0,113.0;52.0;24.0;54.0;149.0;265.0;28.0;85.0;79.0;493.0;36.0;91.0;690.0;30.0;92.0;23.0;248.0;63.0;1.0;88.0;16.0;41.0;341.0;20.0;7.0;166.0;58.0;124.0;98.0;105.0;497.0;2.0;13.0;62.0;69.0;0.0;137.0;141.0;220.0;136.0;65.0;19.0;5.0;38.0;337.0;26.0]
[1959,TRRHVMF12903CF0A57,"Take A Message To Mary",SOLWUIC12AB0186115,"Backline Vol. 68",ARPAB1I1187B9AD8E4,091ec508-877f-4e3c-92a3-10903bbbc7ad,"The Everly Brothers",146.38975,0.693288764069,0.457060063055,335,1.0;0.0,113.0;52.0;24.0;54.0;149.0;265.0;28.0;85.0;79.0;493.0;36.0;91.0;690.0;30.0;92.0;23.0;248.0;63.0;1.0;88.0;16.0;41.0;341.0;20.0;7.0;166.0;58.0;124.0;98.0;105.0;497.0;2.0;13.0;62.0;69.0;0.0;137.0;141.0;220.0;136.0;65.0;19.0;5.0;38.0;337.0;26.0]
[1959,TRHJGZH12903CF9BDC,"Like Young",SOINKCB12A8C133467,"Get Happy! / Like Someone In Love (Amazon Edition)",ARIJE1A1187B9A458D,54799c0e-eb45-4eea-996d-c4d71a63c499,"Ella Fitzgerald",185.02485,0.805366988749,0.549956102927,11,1.0;422.0;0.0;22.0;11.0;133.0;341.0,54.0;327.0;1715.0;7.0;404.0;600.0;148.0;617.0;38.0;337.0]
