[1960,TRGQBTE128F42554CA,"D-Natural Blues",SOULLGL12AB0187728,"Incredible Jazz Guitar",ARIXE8X1187B999C7B,663f8232-8c46-4851-803f-a91d31593b14,"Wes Montgomery",322.55955,0.674474044136,0.408787122021,34,1.0;526.0;654.0;255.0;22.0;759.0;504.0;2130.0,8.0;24.0;327.0;28.0;214.0;450.0;45.0;36.0;181.0;297.0;51.0;17.0;63.0;1.0;21.0;199.0;27.0;20.0;180.0;47.0;331.0;42.0;60.0;4.0;6.0;9.0;12.0;43.0;7.0;139.0;285.0;39.0;175.0;378.0;37.0;105.0;2.0;13.0;67.0;34.0;0.0;202.0;258.0;83.0;131.0;65.0;19.0;145.0;56.0;5.0]
[1960,TRUOIRU128F932BCF8,"I Thank God",SOTBAAM12A58A7B863,"Jesus Is a Rock: Christian Songs",AR4K2P91187B9B2B35,6c8fd0be-d961-454c-aee0-4366a6dbc993,"Sam Cooke",182.30812,0.731466297206,0.568430226383,188,176.0;62.0;40.0;450.0,78.0;129.0;28.0;30.0;196.0;2.0;0.0;217.0;19.0;1255.0;377.0;2724.0;293.0]
[1960,TREFWXQ12903CD1AF4,"Stealing Kisses",SOMTVCF12AB018841F,"The Keen Records Story (Amazon Edition)",AR4K2P91187B9B2B35,6c8fd0be-d961-454c-aee0-4366a6dbc993,"Sam Cooke",132.70159,0.731466297206,0.568430226383,21,176.0;62.0;40.0;450.0,78.0;129.0;28.0;30.0;196.0;2.0;0.0;217.0;19.0;1255.0;377.0;2724.0;293.0]
[1960,TRMKOLR128F92FE7E0,"Wonderful World",SOINTRI12AB0183A90,"Spotlight On Sam Cooke",AR4K2P91187B9B2B35,6c8fd0be-d961-454c-aee0-4366a6dbc993,"Sam Cooke",128.36526,0.731466297206,0.568430226383,1537,176.0;62.0;40.0;450.0,78.0;129.0;28.0;30.0;196.0;2.0;0.0;217.0;19.0;1255.0;377.0;2724.0;293.0]
[1960,TRVZYZT128F92F1809,"New Orleans",SOETUVG12A8C1426B3,"60's Super Hits",AROORHL11F4C8481BF,0f1083d8-fca9-40e3-b7bb-6cca7f15eff0,"Gary U.S. Bonds",169.22077,0.511027628862,0.259277462143,248,0.0,113.0;52.0;24.0;738.0;28.0;2744.0;36.0;470.0;1793.0;7.0;105.0;69.0;1711.0;0.0;137.0;744.0]
[1960,TRUJNQV128E078FA7C,"Tiger In Your Tank",SODQTEU12A6701E006,"One More Mile / Chess Collectibles_ Vol. 1",AR2MSUY1187B9B4602,f86f1f07-d182-45ce-ae93-ef610880ca72,"Muddy Waters",138.03057,0.758735810267,0.471883294899,516,1.0;37.0;520.0;0.0;439.0;280.0,32.0;28.0;450.0;79.0;135.0;400.0;1170.0;47.0;689.0;838.0;62.0;0.0;119.0;293.0]
[1960,TRPHFLH128E0789628,Lonely,SOECEHK12A58A7CB13,"The Very Best Of Eddie Cochran",ARWXJ4H1187B9B75A0,17995d1c-5b3c-4ee9-98f5-105ee3b4ada1,"Eddie Cochran",135.10485,0.64206894233,0.438364956865,89,0.0;11.0;5.0;127.0,8.0;3.0;24.0;54.0;28.0;85.0;121.0;36.0;92.0;23.0;248.0;17.0;10.0;1.0;88.0;35.0;16.0;41.0;27.0;101.0;185.0;130.0;42.0;4.0;6.0;12.0;132.0;7.0;48.0;460.0;105.0;2.0;89.0;13.0;86.0;305.0;14.0;69.0;34.0;0.0;137.0;141.0;40.0;1144.0;65.0;19.0;145.0;50.0;22.0]
[1960,TRGVWHW128F930699A,"Let's Go Home",SOZWVSQ12AB0181FCF,"Let's Do It Again - Greatest Hits",ARFJYTP1187FB52326,3d49e36a-cc9e-411e-93c6-d1646ba5bd3a,"The Staple Singers",89.25995,0.629569672714,0.48449179603,20,4.0,18.0;54.0;28.0;85.0;33.0;36.0;30.0;92.0;399.0;23.0;17.0;46.0;63.0;357.0;10.0;1.0;35.0;16.0;41.0;27.0;101.0;196.0;42.0;4.0;12.0;7.0;139.0;373.0;207.0;105.0;2.0;13.0;57.0;69.0;34.0;0.0;137.0;202.0;258.0;40.0;65.0;19.0;145.0;50.0;896.0;56.0;26.0]
[1960,TRWRBTX12903CCD2D2,"Pray On",SOIWKBW12A6BD4E0EE,"Pray On",ARFJYTP1187FB52326,3d49e36a-cc9e-411e-93c6-d1646ba5bd3a,"The Staple Singers",171.33669,0.629569672714,0.48449179603,1,4.0,18.0;54.0;28.0;85.0;33.0;36.0;30.0;92.0;399.0;23.0;17.0;46.0;63.0;357.0;10.0;1.0;35.0;16.0;41.0;27.0;101.0;196.0;42.0;4.0;12.0;7.0;139.0;373.0;207.0;105.0;2.0;13.0;57.0;69.0;34.0;0.0;137.0;202.0;258.0;40.0;65.0;19.0;145.0;50.0;896.0;56.0;26.0]
[1960,TRDTBUX128F9343128,"Will The Circle Be Unbroken",SOUFQVW12A8C131E99,"Freedom Highway",ARFJYTP1187FB52326,3d49e36a-cc9e-411e-93c6-d1646ba5bd3a,"The Staple Singers",157.83138,0.629569672714,0.48449179603,21,4.0,18.0;54.0;28.0;85.0;33.0;36.0;30.0;92.0;399.0;23.0;17.0;46.0;63.0;357.0;10.0;1.0;35.0;16.0;41.0;27.0;101.0;196.0;42.0;4.0;12.0;7.0;139.0;373.0;207.0;105.0;2.0;13.0;57.0;69.0;34.0;0.0;137.0;202.0;258.0;40.0;65.0;19.0;145.0;50.0;896.0;56.0;26.0]
[1960,TRAUSQC128F92F2C5C,Perfidia,SOEUKCX12A8C142E0D,"Greatest Instrumentals of the Rock Era - 50 Hit Songs",AR1G3G71187B98FE83,b2cc8903-0077-4bef-8454-ac5cef53d126,"The Ventures",123.01016,0.72660393805,0.389484372459,2141,1.0,113.0;74.0;79.0;30.0;16.0;197.0;47.0;43.0;369.0;2.0;62.0;0.0;65.0;50.0;264.0;5.0;38.0]
[1960,TRLXWCZ128F92E9A85,"Shoppin' for clothes",SOVNXNL12A8C145DC5,"The Coasters live with Cornell Gunther",ARVODWZ1187B99E831,c174f353-4666-4dfb-af54-5cc70b8afd55,"The Coasters",187.66322,0.651710384271,0.455109643495,7,1.0;286.0;5.0;127.0,113.0;52.0;8.0;24.0;738.0;140.0;28.0;74.0;279.0;36.0;84.0;248.0;154.0;263.0;11.0;27.0;178.0;130.0;29.0;60.0;4.0;9.0;12.0;458.0;7.0;58.0;37.0;177.0;373.0;48.0;105.0;2.0;13.0;305.0;14.0;69.0;44.0;0.0;137.0;141.0;65.0;19.0;50.0;188.0;264.0;5.0;38.0]
[1960,TRMWWMZ128F14A2FBD,"O Pato",SOIADYR12A6D4FB592,"Getz/Gilberto No. 2",AR3THYK1187B999F1F,286ec4c2-b5ca-4f85-b331-280a6d73dd14,"João Gilberto",142.81098,0.645192336644,0.471224329919,1422,134.0;1867.0;217.0,295.0;113.0;32.0;18.0;78.0;214.0;315.0;304.0;833.0;63.0;1317.0;47.0;12.0;43.0;7.0;39.0;175.0;93.0;58.0;124.0;184.0;0.0;274.0;258.0;136.0;40.0;217.0;131.0;19.0;423.0;38.0;337.0;358.0;165.0]
[1960,TRLOOAW128F1499D83,Corcovado,SOUOQMG12A6D4FB6CB,"Live In Tokyo",AR3THYK1187B999F1F,286ec4c2-b5ca-4f85-b331-280a6d73dd14,"João Gilberto",273.60608,0.645192338747,0.471224329919,1,134.0;1867.0;217.0,295.0;113.0;32.0;18.0;78.0;214.0;315.0;304.0;833.0;63.0;1317.0;47.0;12.0;43.0;7.0;39.0;175.0;93.0;58.0;124.0;184.0;0.0;274.0;258.0;136.0;40.0;217.0;131.0;19.0;423.0;38.0;337.0;358.0;165.0]
[1960,TRDNJBC128F428D5C6,"Mister Charlie",SOIUVKV12A8C13F0EE,"Lightnin' In New York",ARIGKCK1187FB5C99B,d5c55b61-78b8-40c9-be1b-de7517c3aebb,"Lightnin' Hopkins",451.13424,0.709198454661,0.45577485357,41,1.0;37.0,113.0;110.0;32.0;189.0;24.0;146.0;78.0;28.0;85.0;450.0;79.0;677.0;36.0;30.0;290.0;399.0;1196.0;357.0;158.0;16.0;53.0;27.0;20.0;196.0;47.0;664.0;12.0;97.0;7.0;1977.0;596.0;166.0;58.0;193.0;105.0;0.0;137.0;141.0;40.0;19.0;227.0;578.0;5.0;38.0;26.0]
[1960,TRHBUOM128F14A8CC4,"You'd Be So Nice To Come Home To (Live Version - Newport Jazz Festival_ June 30_ 1960)",SOBNGOU12A58A7B90C,"Nina Simone At Newport",AR2UWUD1187B9B3B01,2944824d-4c26-476f-a981-be849081942f,"Nina Simone",324.77995,0.761133770373,0.538120543323,7,1.0;0.0;8.0;176.0;22.0;52.0;62.0,657.0;54.0;28.0;79.0;91.0;438.0;16.0;27.0;196.0;174.0;43.0;7.0;404.0;93.0;100.0;2.0;69.0;0.0;335.0;119.0;217.0;19.0;377.0;600.0;5.0;38.0;337.0;293.0;768.0]
[1960,TRFTZKX128F931163E,"Sweet Dreams",SORRDEU12AB0183E4A,"I Can't Stop Loving You",AR7CCCC1187FB578FF,870ab832-904b-4b49-ab72-7e6b0e0da65f,"Don Gibson",195.5522,0.540750151436,0.379651219002,9,1.0,113.0;189.0;24.0;54.0;28.0;493.0;36.0;30.0;290.0;461.0;92.0;248.0;63.0;16.0;41.0;64.0;20.0;196.0;463.0;166.0;58.0;500.0;1700.0;585.0;577.0;1499.0;105.0;2.0;13.0;0.0;141.0;119.0;40.0;65.0;19.0;50.0;242.0;430.0;5.0;38.0;26.0]
[1960,TRSDQWK12903CD7EF5,"You Win Again",SOXNHFC12AB0187A1F,"Sweet Dreams",AR7CCCC1187FB578FF,870ab832-904b-4b49-ab72-7e6b0e0da65f,"Don Gibson",191.84281,0.540750151436,0.379651219002,5,1.0,113.0;189.0;24.0;54.0;28.0;493.0;36.0;30.0;290.0;461.0;92.0;248.0;63.0;16.0;41.0;64.0;20.0;196.0;463.0;166.0;58.0;500.0;1700.0;585.0;577.0;1499.0;105.0;2.0;13.0;0.0;141.0;119.0;40.0;65.0;19.0;50.0;242.0;430.0;5.0;38.0;26.0]
[1960,TRWMHGH128F4291F7C,"Sweet Dreams",SOFWKSN12A58A79D55,"RCA Country Legends: Don Gibson",AR7CCCC1187FB578FF,870ab832-904b-4b49-ab72-7e6b0e0da65f,"Don Gibson",137.92608,0.540750151436,0.379651219002,12,1.0,113.0;189.0;24.0;54.0;28.0;493.0;36.0;30.0;290.0;461.0;92.0;248.0;63.0;16.0;41.0;64.0;20.0;196.0;463.0;166.0;58.0;500.0;1700.0;585.0;577.0;1499.0;105.0;2.0;13.0;0.0;141.0;119.0;40.0;65.0;19.0;50.0;242.0;430.0;5.0;38.0;26.0]
[1960,TREUALK128F428AAAF,"White Collar Drunks",SOYLSFL12A8C1404C7,"The Lenny Bruce Originals_ Volume 2",AREL6YF1187B9ACDF9,37a6a415-a555-47c2-affd-d003effab463,"Lenny Bruce",341.34159,0.502627199281,0.353111804967,5,153.0,113.0;8.0;24.0;735.0;140.0;28.0;74.0;742.0;191.0;1094.0;215.0;154.0;16.0;199.0;213.0;462.0;68.0;12.0;55.0;97.0;7.0;995.0;71.0;190.0;81.0;179.0;67.0;14.0;1437.0;40.0;421.0;260.0;613.0;648.0;169.0;5.0]
[1960,TREUSST128F428AAB8,"The Palladium",SOQFWDI12A8C1404E3,"The Lenny Bruce Originals_ Volume 2",AREL6YF1187B9ACDF9,37a6a415-a555-47c2-affd-d003effab463,"Lenny Bruce",1204.13995,0.502627199281,0.353111804967,8,153.0,113.0;8.0;24.0;735.0;140.0;28.0;74.0;742.0;191.0;1094.0;215.0;154.0;16.0;199.0;213.0;462.0;68.0;12.0;55.0;97.0;7.0;995.0;71.0;190.0;81.0;179.0;67.0;14.0;1437.0;40.0;421.0;260.0;613.0;648.0;169.0;5.0]
[1960,TRORIRA128F428AAB7,"The Tribunal",SOSSOVJ12A8C1404E1,"The Lenny Bruce Originals_ Volume 2",AREL6YF1187B9ACDF9,37a6a415-a555-47c2-affd-d003effab463,"Lenny Bruce",174.94159,0.502627199281,0.353111804967,1,153.0,113.0;8.0;24.0;735.0;140.0;28.0;74.0;742.0;191.0;1094.0;215.0;154.0;16.0;199.0;213.0;462.0;68.0;12.0;55.0;97.0;7.0;995.0;71.0;190.0;81.0;179.0;67.0;14.0;1437.0;40.0;421.0;260.0;613.0;648.0;169.0;5.0]
[1960,TRACHTT128F428AAB6,"My Trip To Miami",SOEROUE12A58A76962,"The Lenny Bruce Originals_ Volume 2",AREL6YF1187B9ACDF9,37a6a415-a555-47c2-affd-d003effab463,"Lenny Bruce",221.20444,0.502627199281,0.353111804967,1,153.0,113.0;8.0;24.0;735.0;140.0;28.0;74.0;742.0;191.0;1094.0;215.0;154.0;16.0;199.0;213.0;462.0;68.0;12.0;55.0;97.0;7.0;995.0;71.0;190.0;81.0;179.0;67.0;14.0;1437.0;40.0;421.0;260.0;613.0;648.0;169.0;5.0]
[1960,TRRLOQA128F428AAB2,"The Steve Allen Show",SOHOQTK12A8C1404D1,"The Lenny Bruce Originals_ Volume 2",AREL6YF1187B9ACDF9,37a6a415-a555-47c2-affd-d003effab463,"Lenny Bruce",269.06077,0.502627199281,0.353111804967,1,153.0,113.0;8.0;24.0;735.0;140.0;28.0;74.0;742.0;191.0;1094.0;215.0;154.0;16.0;199.0;213.0;462.0;68.0;12.0;55.0;97.0;7.0;995.0;71.0;190.0;81.0;179.0;67.0;14.0;1437.0;40.0;421.0;260.0;613.0;648.0;169.0;5.0]
[1960,TRHVBJO128F428AAB0,"The Defiant Ones",SOJEDLP12A8C1404C9,"The Lenny Bruce Originals_ Volume 2",AREL6YF1187B9ACDF9,37a6a415-a555-47c2-affd-d003effab463,"Lenny Bruce",267.85914,0.502627199281,0.353111804967,1,153.0,113.0;8.0;24.0;735.0;140.0;28.0;74.0;742.0;191.0;1094.0;215.0;154.0;16.0;199.0;213.0;462.0;68.0;12.0;55.0;97.0;7.0;995.0;71.0;190.0;81.0;179.0;67.0;14.0;1437.0;40.0;421.0;260.0;613.0;648.0;169.0;5.0]
[1960,TRYLKMP128F428AABA,"Our Governors",SOTAACZ12A8C1404E8,"The Lenny Bruce Originals_ Volume 2",AREL6YF1187B9ACDF9,37a6a415-a555-47c2-affd-d003effab463,"Lenny Bruce",214.282,0.502627199281,0.353111804967,4,153.0,113.0;8.0;24.0;735.0;140.0;28.0;74.0;742.0;191.0;1094.0;215.0;154.0;16.0;199.0;213.0;462.0;68.0;12.0;55.0;97.0;7.0;995.0;71.0;190.0;81.0;179.0;67.0;14.0;1437.0;40.0;421.0;260.0;613.0;648.0;169.0;5.0]
[1960,TREVXLF128F428AAB5,Bronchitis,SOXLRHD12A8C1404D9,"The Lenny Bruce Originals_ Volume 2",AREL6YF1187B9ACDF9,37a6a415-a555-47c2-affd-d003effab463,"Lenny Bruce",77.7922,0.502627199281,0.353111804967,1,153.0,113.0;8.0;24.0;735.0;140.0;28.0;74.0;742.0;191.0;1094.0;215.0;154.0;16.0;199.0;213.0;462.0;68.0;12.0;55.0;97.0;7.0;995.0;71.0;190.0;81.0;179.0;67.0;14.0;1437.0;40.0;421.0;260.0;613.0;648.0;169.0;5.0]
[1960,TRFLPXO128F428F5A7,"Tonight Is So Right For Love",SOINVAE12A8C137AF4,"G.I. Blues",ARULZ741187B9AD2EF,01809552-4f87-45b0-afff-2c6f0730a3be,"Elvis Presley",132.88444,0.784704224711,0.623782610977,40,1.0;37.0;0.0;32.0;176.0;1680.0;5.0;127.0;253.0;79.0,113.0;32.0;54.0;149.0;28.0;79.0;36.0;30.0;135.0;196.0;47.0;7.0;166.0;100.0;2.0;13.0;0.0;141.0;210.0;119.0;217.0;233.0;19.0;50.0;38.0]
[1960,TRHSCTY128F145D09D,"I'm Alright",SOGKXHV12A6D4F6827,"25 Greatest Hits",ARQH3WI1187FB5647C,bcb77c0a-0faa-4f10-bfd5-fd8583f4bfba,"Little Anthony & The Imperials",143.64689,0.510640855709,0.412211331107,1,0.0,8.0;54.0;140.0;28.0;85.0;279.0;116.0;36.0;92.0;84.0;23.0;248.0;154.0;10.0;1.0;263.0;11.0;27.0;273.0;101.0;185.0;178.0;130.0;60.0;4.0;9.0;12.0;7.0;37.0;177.0;373.0;257.0;48.0;460.0;105.0;2.0;13.0;305.0;14.0;44.0;0.0;137.0;141.0;361.0;65.0;19.0;188.0;56.0;38.0]
[1960,TRFVLOB128F92F691B,"Nursery Rhyme",SOUJMPG12AB017D2FF,"Roadrunner The Chess Masters: 1959-1960",AR27AEB1187B98D39D,bf659d74-0b61-488c-8a7d-594f43bed9e0,"Bo Diddley",169.32526,0.666186772457,0.490671670547,6,1.0;37.0;5.0;4.0;127.0,295.0;113.0;110.0;8.0;24.0;146.0;28.0;85.0;107.0;237.0;450.0;79.0;36.0;248.0;72.0;357.0;1170.0;1.0;11.0;53.0;27.0;118.0;47.0;448.0;664.0;97.0;7.0;653.0;58.0;98.0;193.0;105.0;2.0;13.0;62.0;69.0;0.0;137.0;141.0;210.0;40.0;19.0;5.0]
[1960,TRAVXEC12903CA228C,"Shakin' All Over",SOSMVOE12A6D4FD744,"Oil City Confidential (Original Soundtrack Recording)",ARS8QU51187FB4310A,28dc7c32-8c77-43c8-8156-5c92bba8ae87,"Johnny Kidd & The Pirates",140.9824,0.565993938979,0.380338595221,3088,3.0;6.0;2.0,113.0;3.0;149.0;128.0;28.0;75.0;855.0;573.0;36.0;30.0;23.0;248.0;17.0;1.0;88.0;11.0;16.0;41.0;101.0;277.0;324.0;42.0;4.0;6.0;12.0;7.0;58.0;37.0;48.0;105.0;2.0;13.0;103.0;62.0;14.0;34.0;0.0;137.0;141.0;217.0;65.0;19.0;145.0;38.0;26.0]
[1960,TRMBNJH128F42603DF,"Old Doc Brown",SOLKQPF12A8BEE956D,"Original Album Classics",ARH861H1187B9B799E,d43d12a1-2dc9-4257-a2fd-0a3bb1081b86,"Johnny Cash",250.43546,0.817256939293,0.779558979607,121,1.0;37.0;32.0;1160.0;8.0;176.0;5.0;127.0,113.0;32.0;79.0;30.0;314.0;16.0;196.0;47.0;463.0;1324.0;2.0;396.0;0.0;141.0;233.0;19.0;243.0;430.0]
[1960,TRLUFUI128F42603DD,"Boss Jack",SOLLVTJ12A8BEE9569,"Original Album Classics",ARH861H1187B9B799E,d43d12a1-2dc9-4257-a2fd-0a3bb1081b86,"Johnny Cash",236.06812,0.817256939293,0.779558979607,38,1.0;37.0;32.0;1160.0;8.0;176.0;5.0;127.0,113.0;32.0;79.0;30.0;314.0;16.0;196.0;47.0;463.0;1324.0;2.0;396.0;0.0;141.0;233.0;19.0;243.0;430.0]
[1960,TRKRMTD128F145D521,"I Love You",SOEJRMK12A6D4F7129,"The Hits In Between",ARZNC3M1187FB392CC,10686546-c3b3-43fd-8b94-ef953920f8b5,"Cliff Richard And The Shadows",123.95057,0.570303537151,0.426570384787,227,3.0;6.0;2.0,113.0;6318.0;110.0;3.0;149.0;75.0;573.0;36.0;690.0;30.0;63.0;53.0;185.0;1118.0;196.0;2201.0;58.0;105.0;2.0;13.0;0.0;137.0;141.0;65.0;38.0]
[1960,TRONPHS128F1499E7A,"Moonlight In Vermont",SOFOLDH12A58A79206,"Swingin'  On The Moon",ARBY7AW1187FB369F8,4439c2fd-a754-4f6a-b3a6-791b47726156,"Mel Tormé",185.57342,0.642216129668,0.439120135485,5,1.0;63.0;22.0,102.0;3.0;18.0;24.0;146.0;54.0;327.0;245.0;28.0;107.0;116.0;91.0;181.0;297.0;23.0;63.0;1.0;11.0;27.0;7.0;139.0;404.0;39.0;175.0;93.0;166.0;58.0;105.0;2.0;13.0;424.0;0.0;141.0;220.0;292.0;131.0;65.0;19.0;145.0;50.0;148.0;5.0;38.0;337.0]
[1960,TRZPVNK128F14768E9,"Learning The Game",SOTDNSO12A6D4F8803,Gold,ARBJ5U71187FB52A76,d352f5dd-3023-4565-a7bb-52396bf8821d,"Buddy Holly",120.45016,0.686669419343,0.512312380865,2,1.0;0.0;5.0;127.0,295.0;113.0;110.0;52.0;32.0;8.0;3.0;24.0;54.0;28.0;36.0;30.0;92.0;1.0;35.0;16.0;41.0;101.0;20.0;47.0;42.0;60.0;4.0;9.0;68.0;12.0;7.0;58.0;37.0;105.0;2.0;13.0;87.0;14.0;44.0;0.0;137.0;141.0;40.0;1144.0;65.0;19.0;50.0;5.0;26.0]
[1960,TRTQWAT128F42596D8,"True Love Ways",SOYLYFL12A8AE45FA4,"The Worth It Collection",ARBJ5U71187FB52A76,d352f5dd-3023-4565-a7bb-52396bf8821d,"Buddy Holly",169.76934,0.686669419343,0.512312380865,5032,1.0;0.0;5.0;127.0,295.0;113.0;110.0;52.0;32.0;8.0;3.0;24.0;54.0;28.0;36.0;30.0;92.0;1.0;35.0;16.0;41.0;101.0;20.0;47.0;42.0;60.0;4.0;9.0;68.0;12.0;7.0;58.0;37.0;105.0;2.0;13.0;87.0;14.0;44.0;0.0;137.0;141.0;40.0;1144.0;65.0;19.0;50.0;5.0;26.0]
[1960,TRDNKCZ128E078D230,"Liberia (LP Version)",SOBZWDN12A6701FD71,"Coltrane's Sound",ARIOZCU1187FB3A3DC,b625448e-bf4a-41c3-a421-72ad46cdb831,"JOHN COLTRANE",411.29751,0.796357078697,0.487700539415,31,1.0;39.0;338.0;242.0;425.0;255.0;22.0;26.0;498.0;316.0;12.0,295.0;113.0;112.0;78.0;327.0;129.0;28.0;1397.0;79.0;215.0;11.0;583.0;271.0;199.0;174.0;331.0;445.0;1324.0;43.0;7.0;127.0;562.0;100.0;381.0;396.0;442.0;0.0;309.0;19.0;284.0;410.0;5.0]
[1960,TRVKMDH128E078D1E4,"Countdown (LP Version)",SOELULQ12A670206F1,"Giant Steps",ARIOZCU1187FB3A3DC,b625448e-bf4a-41c3-a421-72ad46cdb831,"JOHN COLTRANE",275.09506,0.796357078697,0.487700539415,41,1.0;39.0;338.0;242.0;425.0;255.0;22.0;26.0;498.0;316.0;12.0,295.0;113.0;112.0;78.0;327.0;129.0;28.0;1397.0;79.0;215.0;11.0;583.0;271.0;199.0;174.0;331.0;445.0;1324.0;43.0;7.0;127.0;562.0;100.0;381.0;396.0;442.0;0.0;309.0;19.0;284.0;410.0;5.0]
[1960,TRLHYIG128E078D22D,"The Night Has A Thousand Eyes (LP Version)",SOWEZWO12A6701FD6F,"Coltrane's Sound",ARIOZCU1187FB3A3DC,b625448e-bf4a-41c3-a421-72ad46cdb831,"JOHN COLTRANE",411.29751,0.796357078697,0.487700539415,35,1.0;39.0;338.0;242.0;425.0;255.0;22.0;26.0;498.0;316.0;12.0,295.0;113.0;112.0;78.0;327.0;129.0;28.0;1397.0;79.0;215.0;11.0;583.0;271.0;199.0;174.0;331.0;445.0;1324.0;43.0;7.0;127.0;562.0;100.0;381.0;396.0;442.0;0.0;309.0;19.0;284.0;410.0;5.0]
[1960,TRTNEKF128F148BDD2,"Broken Arrow",SOGWGDH12A6D4F97FC,"You Came A Long Way From St. Louis: The Many Sides Of",AR6NBDC1187FB4D96D,592a3b6d-c42b-4567-99c9-ecf63bd66499,"Chuck Berry",147.27791,0.735926365084,0.540697460464,9,1.0;0.0;5.0;127.0,79.0;36.0;30.0;47.0;1324.0;43.0;105.0;100.0;2.0;0.0;141.0]
[1960,TRISHUB128F1456A67,"I Got To Find My Baby",SOXGXCX12A6D4F7090,"The Anthology",AR6NBDC1187FB4D96D,592a3b6d-c42b-4567-99c9-ecf63bd66499,"Chuck Berry",134.89587,0.735926365084,0.601693609028,12,1.0;0.0;5.0;127.0,79.0;36.0;30.0;47.0;1324.0;43.0;105.0;100.0;2.0;0.0;141.0]
[1960,TRHPFKN128F4271255,"Too Pooped To Pop",SOEOSPG12A8C13367A,"The Best Of Chuck Berry",AR6NBDC1187FB4D96D,592a3b6d-c42b-4567-99c9-ecf63bd66499,"Chuck Berry",154.22649,0.735926365084,0.540697460464,257,1.0;0.0;5.0;127.0,79.0;36.0;30.0;47.0;1324.0;43.0;105.0;100.0;2.0;0.0;141.0]
[1960,TRQLXDF128F92F9D25,"Wildwood Flower",SOORKWM12AB017C7C1,"Joan Baez",AR60ODO1187FB4D9AB,92d37892-6186-4459-9cc1-f0dde57652d0,"Joan Baez",155.95057,0.732261286176,0.455289243597,627,272.0;1.0;349.0;32.0;8.0;176.0;11.0;5.0;488.0;152.0,113.0;110.0;52.0;32.0;8.0;3.0;24.0;54.0;78.0;28.0;85.0;116.0;36.0;584.0;30.0;92.0;1.0;11.0;90.0;35.0;16.0;41.0;341.0;53.0;20.0;47.0;203.0;6.0;9.0;7.0;105.0;190.0;2.0;13.0;62.0;0.0;40.0;65.0;19.0;50.0;49.0;15.0;570.0;5.0;38.0;26.0]
[1960,TRHEOXF128F92F9D2C,"Little Moses",SOLXEMT12AB017C7D5,"Joan Baez",AR60ODO1187FB4D9AB,92d37892-6186-4459-9cc1-f0dde57652d0,"Joan Baez",209.6322,0.732261286176,0.455289243597,276,272.0;1.0;349.0;32.0;8.0;176.0;11.0;5.0;488.0;152.0,113.0;110.0;52.0;32.0;8.0;3.0;24.0;54.0;78.0;28.0;85.0;116.0;36.0;584.0;30.0;92.0;1.0;11.0;90.0;35.0;16.0;41.0;341.0;53.0;20.0;47.0;203.0;6.0;9.0;7.0;105.0;190.0;2.0;13.0;62.0;0.0;40.0;65.0;19.0;50.0;49.0;15.0;570.0;5.0;38.0;26.0]
[1960,TRKEXIG128F92F9D1E,"East Virginia",SOASOHG12AB017C7AB,"Joan Baez",AR60ODO1187FB4D9AB,92d37892-6186-4459-9cc1-f0dde57652d0,"Joan Baez",223.55546,0.732261286176,0.455289243597,334,272.0;1.0;349.0;32.0;8.0;176.0;11.0;5.0;488.0;152.0,113.0;110.0;52.0;32.0;8.0;3.0;24.0;54.0;78.0;28.0;85.0;116.0;36.0;584.0;30.0;92.0;1.0;11.0;90.0;35.0;16.0;41.0;341.0;53.0;20.0;47.0;203.0;6.0;9.0;7.0;105.0;190.0;2.0;13.0;62.0;0.0;40.0;65.0;19.0;50.0;49.0;15.0;570.0;5.0;38.0;26.0]
[1960,TRCRFZP12903CF36F0,"John Riley",SOFRIIM12AB017C7FA,"Rare_ Live And Classic",AR60ODO1187FB4D9AB,92d37892-6186-4459-9cc1-f0dde57652d0,"Joan Baez",233.9522,0.732261286176,0.455289243597,426,272.0;1.0;349.0;32.0;8.0;176.0;11.0;5.0;488.0;152.0,113.0;110.0;52.0;32.0;8.0;3.0;24.0;54.0;78.0;28.0;85.0;116.0;36.0;584.0;30.0;92.0;1.0;11.0;90.0;35.0;16.0;41.0;341.0;53.0;20.0;47.0;203.0;6.0;9.0;7.0;105.0;190.0;2.0;13.0;62.0;0.0;40.0;65.0;19.0;50.0;49.0;15.0;570.0;5.0;38.0;26.0]
[1960,TRPJVET128F92DE5CE,"That's All You Gotta Do",SOSYKLW12A8C1373DB,"The Best Of",ARGKD4W1187B990E04,6ca4886a-8f77-4133-b404-46fb3908e24a,"Brenda Lee",150.02077,0.669371501935,0.566912407282,299,1.0;0.0;32.0;11.0;5.0,3.0;54.0;28.0;85.0;33.0;116.0;493.0;36.0;30.0;464.0;92.0;31.0;23.0;248.0;17.0;63.0;10.0;1.0;88.0;35.0;16.0;41.0;27.0;185.0;331.0;4.0;9.0;12.0;360.0;7.0;175.0;105.0;2.0;89.0;13.0;87.0;0.0;137.0;141.0;258.0;83.0;131.0;65.0;19.0;50.0;38.0;337.0;26.0]
[1960,TRYJJXX128F4252EAF,"Sweet Nothin's",SOROAJD12A8C1373AD,"Rock N' Roll Legends",ARGKD4W1187B990E04,6ca4886a-8f77-4133-b404-46fb3908e24a,"Brenda Lee",142.94159,0.669371501935,0.566912407282,34,1.0;0.0;32.0;11.0;5.0,3.0;54.0;28.0;85.0;33.0;116.0;493.0;36.0;30.0;464.0;92.0;31.0;23.0;248.0;17.0;63.0;10.0;1.0;88.0;35.0;16.0;41.0;27.0;185.0;331.0;4.0;9.0;12.0;360.0;7.0;175.0;105.0;2.0;89.0;13.0;87.0;0.0;137.0;141.0;258.0;83.0;131.0;65.0;19.0;50.0;38.0;337.0;26.0]
[1960,TRDGPEG12903CFAA7B,"I Love You Baby",SODKSXR12AB017D6A4,"Lonely Boy",AR65T9K1187FB3842E,420c6768-0885-415a-bb59-d6a275121125,"Paul Anka",226.40281,0.649164527,0.449292126587,22,31.0;63.0,8.0;3.0;54.0;28.0;85.0;643.0;1162.0;116.0;45.0;36.0;290.0;92.0;23.0;248.0;17.0;46.0;1196.0;63.0;1.0;88.0;41.0;199.0;27.0;185.0;130.0;42.0;4.0;7.0;653.0;596.0;618.0;460.0;105.0;2.0;13.0;87.0;14.0;44.0;0.0;137.0;141.0;274.0;40.0;131.0;65.0;145.0;50.0;38.0;337.0]
[1960,TRZDMEJ128F9325B09,"Lonely Boy",SOSMJQU12AB01862C0,"Sing Sing Sing",AR65T9K1187FB3842E,420c6768-0885-415a-bb59-d6a275121125,"Paul Anka",155.50649,0.678166687453,0.449292126587,11,31.0;63.0,8.0;3.0;54.0;28.0;85.0;643.0;1162.0;116.0;45.0;36.0;290.0;92.0;23.0;248.0;17.0;46.0;1196.0;63.0;1.0;88.0;41.0;199.0;27.0;185.0;130.0;42.0;4.0;7.0;653.0;596.0;618.0;460.0;105.0;2.0;13.0;87.0;14.0;44.0;0.0;137.0;141.0;274.0;40.0;131.0;65.0;145.0;50.0;38.0;337.0]
[1960,TRORCUV12903CDCA9D,"Cryin' Blues",SOBILMS12AB018D900,Tensions,ARJ6VQ21187B98BC8A,f3b8e107-abe8-4743-b6a3-4a4ee995e71f,"Charles Mingus",303.96036,0.695431936127,0.513311575835,1205,1.0;338.0;242.0;22.0;548.0,657.0;113.0;76.0;1060.0;112.0;1661.0;78.0;327.0;245.0;129.0;28.0;74.0;745.0;79.0;91.0;80.0;215.0;135.0;31.0;84.0;696.0;200.0;314.0;11.0;1407.0;583.0;271.0;199.0;196.0;171.0;331.0;462.0;739.0;445.0;1324.0;43.0;294.0;7.0;299.0;253.0;1469.0;157.0;283.0;205.0;1269.0;127.0;100.0;190.0;381.0;396.0;236.0;309.0;119.0;239.0;377.0;415.0;148.0;1086.0;1286.0;243.0;410.0;5.0;125.0;38.0;293.0]
[1960,TRXCKOY128E078D1F6,"Tensions (LP Version)",SOKKSHT12A6701FD41,"Blues & Roots",ARJ6VQ21187B98BC8A,f3b8e107-abe8-4743-b6a3-4a4ee995e71f,"Charles Mingus",392.07138,0.695431936127,0.513311575835,617,1.0;338.0;242.0;22.0;548.0,657.0;113.0;76.0;1060.0;112.0;1661.0;78.0;327.0;245.0;129.0;28.0;74.0;745.0;79.0;91.0;80.0;215.0;135.0;31.0;84.0;696.0;200.0;314.0;11.0;1407.0;583.0;271.0;199.0;196.0;171.0;331.0;462.0;739.0;445.0;1324.0;43.0;294.0;7.0;299.0;253.0;1469.0;157.0;283.0;205.0;1269.0;127.0;100.0;190.0;381.0;396.0;236.0;309.0;119.0;239.0;377.0;415.0;148.0;1086.0;1286.0;243.0;410.0;5.0;125.0;38.0;293.0]
[1960,TRQVFEN128F92E5589,"Mood Indigo",SOEOSPT12A8C133F36,"AH UM - 50th Anniversary (Legacy Edition)",ARJ6VQ21187B98BC8A,f3b8e107-abe8-4743-b6a3-4a4ee995e71f,"Charles Mingus",492.7473,0.695431936127,0.513311575835,96,1.0;338.0;242.0;22.0;548.0,657.0;113.0;76.0;1060.0;112.0;1661.0;78.0;327.0;245.0;129.0;28.0;74.0;745.0;79.0;91.0;80.0;215.0;135.0;31.0;84.0;696.0;200.0;314.0;11.0;1407.0;583.0;271.0;199.0;196.0;171.0;331.0;462.0;739.0;445.0;1324.0;43.0;294.0;7.0;299.0;253.0;1469.0;157.0;283.0;205.0;1269.0;127.0;100.0;190.0;381.0;396.0;236.0;309.0;119.0;239.0;377.0;415.0;148.0;1086.0;1286.0;243.0;410.0;5.0;125.0;38.0;293.0]
[1960,TRKQPBL128F9311048,"The Naughty Little Flea",SOXGZPY12AB0181855,"The Click Song",ARIH5PS1187FB4FE52,bc5c2918-4aba-4ef6-a245-100563a4487f,"Myriam Makeba",229.40689,0.706486820443,0.462498979903,50,38.0,113.0;110.0;52.0;437.0;398.0;1845.0;322.0;28.0;85.0;315.0;116.0;45.0;30.0;31.0;63.0;367.0;90.0;35.0;16.0;341.0;53.0;27.0;118.0;20.0;4.0;97.0;7.0;39.0;93.0;207.0;105.0;190.0;2.0;69.0;34.0;0.0;40.0;19.0;145.0;5.0;38.0;26.0;534.0;165.0]
[1960,TRXZGHO128F9311053,"Iya Guduza",SOOWUFP12AB0181875,"The Click Song",ARIH5PS1187FB4FE52,bc5c2918-4aba-4ef6-a245-100563a4487f,"Myriam Makeba",124.86485,0.706486820443,0.462498979903,1,38.0,113.0;110.0;52.0;437.0;398.0;1845.0;322.0;28.0;85.0;315.0;116.0;45.0;30.0;31.0;63.0;367.0;90.0;35.0;16.0;341.0;53.0;27.0;118.0;20.0;4.0;97.0;7.0;39.0;93.0;207.0;105.0;190.0;2.0;69.0;34.0;0.0;40.0;19.0;145.0;5.0;38.0;26.0;534.0;165.0]
[1960,TRCYYPH128F9311052,"One More Dance",SOHVUTE12AB0181872,"The Click Song",ARIH5PS1187FB4FE52,bc5c2918-4aba-4ef6-a245-100563a4487f,"Myriam Makeba",164.12689,0.706486820443,0.462498979903,39,38.0,113.0;110.0;52.0;437.0;398.0;1845.0;322.0;28.0;85.0;315.0;116.0;45.0;30.0;31.0;63.0;367.0;90.0;35.0;16.0;341.0;53.0;27.0;118.0;20.0;4.0;97.0;7.0;39.0;93.0;207.0;105.0;190.0;2.0;69.0;34.0;0.0;40.0;19.0;145.0;5.0;38.0;26.0;534.0;165.0]
[1960,TRJEWUK128F14602C1,"Walking To New Orleans",SOCCZIF12A6D4F6033,"The Fat Man Sings",ARD5ZH01187FB3C0E5,e787de5d-49e2-4b1f-9bde-1fd3a671b971,"Fats Domino",121.86077,0.745575312839,0.491707370037,1277,1.0;1096.0;2176.0;700.0;52.0;5.0;4.0;127.0,113.0;3.0;24.0;146.0;738.0;28.0;85.0;916.0;79.0;36.0;290.0;92.0;248.0;41.0;53.0;20.0;47.0;42.0;12.0;43.0;7.0;95.0;596.0;58.0;373.0;98.0;48.0;105.0;100.0;497.0;2.0;13.0;69.0;0.0;137.0;141.0;40.0;131.0;65.0;19.0;50.0;5.0;38.0]
[1960,TRSWJLK128F92EBD43,"No More Doggin'",SOFWRQO12A58A795E5,"That's My Story",ARAYCK21187B98EBFD,b0122194-c49a-46a1-ade7-84d1d76bd8e9,"John Lee Hooker",164.93669,0.777911231473,0.471373274121,24,1.0;37.0;2102.0;711.0;439.0;2100.0;280.0;541.0;4.0,295.0;32.0;645.0;28.0;2279.0;79.0;290.0;399.0;357.0;2120.0;259.0;1324.0;518.0;100.0;2.0;442.0;119.0;561.0;239.0;38.0;293.0]
[1960,TRDDNSR12903D10460,"L'eau à la bouche",SOQZKXU12A6D4FD7D0,"Les génies de la chanson : Serge Gainsbourg",ARNJ7441187B999AFD,b21ef19b-c6aa-4775-90d3-3cc3e067ce6d,"Serge Gainsbourg",147.85261,0.697513231548,0.543922012791,413,355.0;18.0;98.0;16.0;892.0;1532.0;22.0;85.0;5.0;4.0,989.0;366.0;116.0;11.0;609.0;53.0;489.0;775.0;2.0;0.0]
[1960,TRQEIZX12903C9C93F,"Carol Jane",SOJVTAN12A58A7AC7C,"It's Everly Time",ARPAB1I1187B9AD8E4,091ec508-877f-4e3c-92a3-10903bbbc7ad,"The Everly Brothers",109.92281,0.693288532001,0.457060063055,5,1.0;0.0,113.0;52.0;24.0;54.0;149.0;265.0;28.0;85.0;79.0;493.0;36.0;91.0;690.0;30.0;92.0;23.0;248.0;63.0;1.0;88.0;16.0;41.0;341.0;20.0;7.0;166.0;58.0;124.0;98.0;105.0;497.0;2.0;13.0;62.0;69.0;0.0;137.0;141.0;220.0;136.0;65.0;19.0;5.0;38.0;337.0;26.0]
[1960,TREGQPZ12903C9C9A7,"Made To Love",SOUQOTA12A6D4FA44E,"A Date With The Everly Brothers",ARPAB1I1187B9AD8E4,091ec508-877f-4e3c-92a3-10903bbbc7ad,"The Everly Brothers",124.31628,0.693288532001,0.457060063055,26,1.0;0.0,113.0;52.0;24.0;54.0;149.0;265.0;28.0;85.0;79.0;493.0;36.0;91.0;690.0;30.0;92.0;23.0;248.0;63.0;1.0;88.0;16.0;41.0;341.0;20.0;7.0;166.0;58.0;124.0;98.0;105.0;497.0;2.0;13.0;62.0;69.0;0.0;137.0;141.0;220.0;136.0;65.0;19.0;5.0;38.0;337.0;26.0]
[1960,TRZCOXX12903CE02A1,Lucille,SOGOLAD12AF72A638B,"Reuinon Concert_ Vol. 2",ARPAB1I1187B9AD8E4,091ec508-877f-4e3c-92a3-10903bbbc7ad,"The Everly Brothers",315.19302,0.693288764069,0.457060063055,244,1.0;0.0,113.0;52.0;24.0;54.0;149.0;265.0;28.0;85.0;79.0;493.0;36.0;91.0;690.0;30.0;92.0;23.0;248.0;63.0;1.0;88.0;16.0;41.0;341.0;20.0;7.0;166.0;58.0;124.0;98.0;105.0;497.0;2.0;13.0;62.0;69.0;0.0;137.0;141.0;220.0;136.0;65.0;19.0;5.0;38.0;337.0;26.0]
[1960,TRMSJGB12903C9C9AF,"Sigh_ Cry_ Almost Die",SOFZURJ12AB0187726,"A Date With The Everly Brothers",ARPAB1I1187B9AD8E4,091ec508-877f-4e3c-92a3-10903bbbc7ad,"The Everly Brothers",136.82893,0.693288764069,0.457060063055,26,1.0;0.0,113.0;52.0;24.0;54.0;149.0;265.0;28.0;85.0;79.0;493.0;36.0;91.0;690.0;30.0;92.0;23.0;248.0;63.0;1.0;88.0;16.0;41.0;341.0;20.0;7.0;166.0;58.0;124.0;98.0;105.0;497.0;2.0;13.0;62.0;69.0;0.0;137.0;141.0;220.0;136.0;65.0;19.0;5.0;38.0;337.0;26.0]
[1960,TRRQZFT128F424A4EA,"Have You Ever Loved A Woman",SOFILAU12A8C1324BE,"Boogie On Down - The Essential Collection CD2",ARRT66G1187FB3DDF9,d6ae4b23-965f-485a-b2c2-66c43ffaef20,"Freddie King",509.25669,0.609636697931,0.382593000876,787,37.0;0.0,113.0;308.0;322.0;24.0;146.0;323.0;28.0;85.0;855.0;450.0;677.0;36.0;399.0;357.0;1913.0;53.0;27.0;64.0;20.0;47.0;448.0;42.0;7.0;139.0;653.0;166.0;58.0;518.0;2.0;69.0;0.0;119.0;19.0;242.0;264.0;291.0;227.0;578.0;5.0;38.0]
