[1961,TRXOAJO128F92E2434,Sandu,SOOSARO12A58A7A40B,"Movin' Along",ARIXE8X1187B999C7B,663f8232-8c46-4851-803f-a91d31593b14,"Wes Montgomery",203.12771,0.674474044136,0.408787122021,1,1.0;526.0;654.0;255.0;22.0;759.0;504.0;2130.0,8.0;24.0;327.0;28.0;214.0;450.0;45.0;36.0;181.0;297.0;51.0;17.0;63.0;1.0;21.0;199.0;27.0;20.0;180.0;47.0;331.0;42.0;60.0;4.0;6.0;9.0;12.0;43.0;7.0;139.0;285.0;39.0;175.0;378.0;37.0;105.0;2.0;13.0;67.0;34.0;0.0;202.0;258.0;83.0;131.0;65.0;19.0;145.0;56.0;5.0]
[1961,TRLKERM128F42A5C31,"Says You",SOIJTVW12A8C13C120,"One Night Only",ARIXE8X1187B999C7B,663f8232-8c46-4851-803f-a91d31593b14,"Wes Montgomery",305.00526,0.674474044136,0.408787122021,1,1.0;526.0;654.0;255.0;22.0;759.0;504.0;2130.0,8.0;24.0;327.0;28.0;214.0;450.0;45.0;36.0;181.0;297.0;51.0;17.0;63.0;1.0;21.0;199.0;27.0;20.0;180.0;47.0;331.0;42.0;60.0;4.0;6.0;9.0;12.0;43.0;7.0;139.0;285.0;39.0;175.0;378.0;37.0;105.0;2.0;13.0;67.0;34.0;0.0;202.0;258.0;83.0;131.0;65.0;19.0;145.0;56.0;5.0]
[1961,TRQPGJF128F4259618,"I Wish I Knew",SONGLDW12A58A798DB,"Wes Montgomery Plays For Lovers",ARIXE8X1187B999C7B,663f8232-8c46-4851-803f-a91d31593b14,"Wes Montgomery",329.89995,0.674474044136,0.408787122021,6,1.0;526.0;654.0;255.0;22.0;759.0;504.0;2130.0,8.0;24.0;327.0;28.0;214.0;450.0;45.0;36.0;181.0;297.0;51.0;17.0;63.0;1.0;21.0;199.0;27.0;20.0;180.0;47.0;331.0;42.0;60.0;4.0;6.0;9.0;12.0;43.0;7.0;139.0;285.0;39.0;175.0;378.0;37.0;105.0;2.0;13.0;67.0;34.0;0.0;202.0;258.0;83.0;131.0;65.0;19.0;145.0;56.0;5.0]
[1961,TRVELLH128F931C3D4,"The Twelve Days of Christmas",SOBORXI12AB017E2F1,"An Old Fashioned Christmas",ARN69L01187B99DFFA,086c1936-9eaa-4091-b140-ad33a51a3b71,"Burl Ives",250.87955,0.675381974887,0.637325837377,9,1.0;0.0,295.0;113.0;24.0;54.0;245.0;548.0;240.0;79.0;36.0;91.0;191.0;30.0;92.0;601.0;248.0;63.0;1.0;16.0;41.0;341.0;20.0;1118.0;4.0;7.0;93.0;166.0;58.0;205.0;500.0;105.0;371.0;2.0;13.0;0.0;141.0;2543.0;65.0;19.0;50.0;148.0;25.0;570.0;5.0;38.0;26.0;165.0]
[1961,TRMHSQN128F424C622,"Fire Waltz",SOQEDQH12A8C135923,"Best Of Eric Dolphy_ The",ART9DQT1187FB3DFAC,badda5cf-f2c5-4dc2-b3d3-07467bdf0f71,"Eric Dolphy",477.51791,0.71584349878,0.453544101693,10,26.0,295.0;24.0;143.0;1166.0;112.0;327.0;129.0;28.0;74.0;181.0;99.0;11.0;583.0;301.0;199.0;53.0;118.0;20.0;331.0;587.0;445.0;43.0;134.0;7.0;285.0;525.0;175.0;95.0;865.0;963.0;569.0;98.0;100.0;479.0;381.0;980.0;0.0;309.0;410.0;5.0;523.0]
[1961,TRTYOWS128F935FDB5,"School Is Out",SODTHSZ12A58A7CD21,"His Very Best",AROORHL11F4C8481BF,0f1083d8-fca9-40e3-b7bb-6cca7f15eff0,"Gary U.S. Bonds",122.17424,0.511027628862,0.259277462143,87,0.0,113.0;52.0;24.0;738.0;28.0;2744.0;36.0;470.0;1793.0;7.0;105.0;69.0;1711.0;0.0;137.0;744.0]
[1961,TRIOIHT128F92F2E01,"Quarter To Three",SOVCZFY12A58A7BD8E,"I Love The 60's - 1961",AROORHL11F4C8481BF,0f1083d8-fca9-40e3-b7bb-6cca7f15eff0,"Gary U.S. Bonds",141.60934,0.511027628862,0.259277462143,585,0.0,113.0;52.0;24.0;738.0;28.0;2744.0;36.0;470.0;1793.0;7.0;105.0;69.0;1711.0;0.0;137.0;744.0]
[1961,TRGBDSB128F931AF53,"Please Forgive Me",SOIEMWE12AB0183C5D,"The Complete Motown Singles_ Volume 1: 1959-1961",ARHVQU31187B9B7623,43fe7a49-2a63-48f1-871c-12450d21eeb1,"Mary Wells",159.29424,0.643306938389,0.412439692676,146,4.0,295.0;113.0;52.0;61.0;506.0;24.0;54.0;738.0;28.0;36.0;92.0;31.0;325.0;23.0;248.0;1.0;88.0;90.0;35.0;27.0;64.0;196.0;7.0;390.0;373.0;476.0;460.0;105.0;2.0;13.0;986.0;69.0;0.0;136.0;19.0;377.0;264.0;5.0;38.0]
[1961,TRAJKQH128F932103D,"Bye Bye Baby",SOXKMRU12AF72AA5F7,"The Mary Wells Collection",ARHVQU31187B9B7623,43fe7a49-2a63-48f1-871c-12450d21eeb1,"Mary Wells",173.13914,0.643306938389,0.412439692676,1049,4.0,295.0;113.0;52.0;61.0;506.0;24.0;54.0;738.0;28.0;36.0;92.0;31.0;325.0;23.0;248.0;1.0;88.0;90.0;35.0;27.0;64.0;196.0;7.0;390.0;373.0;476.0;460.0;105.0;2.0;13.0;986.0;69.0;0.0;136.0;19.0;377.0;264.0;5.0;38.0]
[1961,TRMKBBR12903CD73C9,"Without You",SOSEOIT12AF729E892,"Superstars Of The Sixties",ARKMSNH1187FB44DEB,2e044523-e7a8-4167-99b4-f835b88ff712,"Johnny Tillotson",129.04444,0.509402567471,0.410769322142,154,0.0,295.0;113.0;24.0;54.0;28.0;85.0;116.0;36.0;690.0;30.0;92.0;23.0;248.0;63.0;1.0;16.0;185.0;4.0;97.0;360.0;134.0;7.0;39.0;166.0;58.0;124.0;105.0;2.0;89.0;13.0;34.0;184.0;0.0;137.0;141.0;220.0;1144.0;65.0;19.0;145.0;260.0;148.0;25.0;5.0;38.0;26.0]
[1961,TRWNMHZ128F4232A68,"I'm So Glad",SODVMFK12A8AE4515C,"Swing Low Sweet Chariot",ARFJYTP1187FB52326,3d49e36a-cc9e-411e-93c6-d1646ba5bd3a,"The Staple Singers",130.37669,0.629569672714,0.48449179603,41,4.0,18.0;54.0;28.0;85.0;33.0;36.0;30.0;92.0;399.0;23.0;17.0;46.0;63.0;357.0;10.0;1.0;35.0;16.0;41.0;27.0;101.0;196.0;42.0;4.0;12.0;7.0;139.0;373.0;207.0;105.0;2.0;13.0;57.0;69.0;34.0;0.0;137.0;202.0;258.0;40.0;65.0;19.0;145.0;50.0;896.0;56.0;26.0]
[1961,TRRFCVQ128F4232A74,"Going Away",SODCYOJ12AF72AA110,"Swing Low Sweet Chariot",ARFJYTP1187FB52326,3d49e36a-cc9e-411e-93c6-d1646ba5bd3a,"The Staple Singers",118.77832,0.629569672714,0.48449179603,40,4.0,18.0;54.0;28.0;85.0;33.0;36.0;30.0;92.0;399.0;23.0;17.0;46.0;63.0;357.0;10.0;1.0;35.0;16.0;41.0;27.0;101.0;196.0;42.0;4.0;12.0;7.0;139.0;373.0;207.0;105.0;2.0;13.0;57.0;69.0;34.0;0.0;137.0;202.0;258.0;40.0;65.0;19.0;145.0;50.0;896.0;56.0;26.0]
[1961,TRWQXBK128F1462E60,"'Round About Midnight (Rudy Van Gelder 24-Bit Mastering) (2002 Digital Remaster)",SOILTCV12A6D4F47BB,"Green Street",ARWLT1T1187B99B4CC,1a88b270-d763-48d5-a62c-2bb9cabb140c,"Grant Green",423.91465,0.627074609205,0.427565146438,12,1.0;22.0,102.0;3.0;24.0;327.0;28.0;214.0;152.0;279.0;45.0;36.0;181.0;297.0;92.0;23.0;17.0;63.0;1.0;16.0;41.0;27.0;118.0;94.0;47.0;731.0;331.0;60.0;4.0;9.0;43.0;132.0;7.0;139.0;39.0;175.0;378.0;48.0;2.0;89.0;13.0;62.0;14.0;44.0;34.0;0.0;40.0;83.0;131.0;19.0;145.0;5.0]
[1961,TRDMDDT128F145709A,"Old Folks",SOPRION12A58A7DA8A,Grantstand,ARWLT1T1187B99B4CC,1a88b270-d763-48d5-a62c-2bb9cabb140c,"Grant Green",252.76036,0.627074609205,0.427565146438,2,1.0;22.0,102.0;3.0;24.0;327.0;28.0;214.0;152.0;279.0;45.0;36.0;181.0;297.0;92.0;23.0;17.0;63.0;1.0;16.0;41.0;27.0;118.0;94.0;47.0;731.0;331.0;60.0;4.0;9.0;43.0;132.0;7.0;139.0;39.0;175.0;378.0;48.0;2.0;89.0;13.0;62.0;14.0;44.0;34.0;0.0;40.0;83.0;131.0;19.0;145.0;5.0]
[1961,TRVDEBZ128F1462E64,"Green With Envy (Alternate Take) (Rudy Van Gelder 24-Bit Mastering) (2002 Digital Remaster)",SOWSSFS12AF729EEF6,"Green Street",ARWLT1T1187B99B4CC,1a88b270-d763-48d5-a62c-2bb9cabb140c,"Grant Green",475.08853,0.627074609205,0.427565146438,10,1.0;22.0,102.0;3.0;24.0;327.0;28.0;214.0;152.0;279.0;45.0;36.0;181.0;297.0;92.0;23.0;17.0;63.0;1.0;16.0;41.0;27.0;118.0;94.0;47.0;731.0;331.0;60.0;4.0;9.0;43.0;132.0;7.0;139.0;39.0;175.0;378.0;48.0;2.0;89.0;13.0;62.0;14.0;44.0;34.0;0.0;40.0;83.0;131.0;19.0;145.0;5.0]
[1961,TRIUKJA128F1462E61,"Grant's Dimensions (Rudy Van Gelder 24-Bit Mastering) (2002 Digital Remaster)",SOKCEFT12AF72AB069,"Green Street",ARWLT1T1187B99B4CC,1a88b270-d763-48d5-a62c-2bb9cabb140c,"Grant Green",476.36853,0.627074609205,0.427565146438,9,1.0;22.0,102.0;3.0;24.0;327.0;28.0;214.0;152.0;279.0;45.0;36.0;181.0;297.0;92.0;23.0;17.0;63.0;1.0;16.0;41.0;27.0;118.0;94.0;47.0;731.0;331.0;60.0;4.0;9.0;43.0;132.0;7.0;139.0;39.0;175.0;378.0;48.0;2.0;89.0;13.0;62.0;14.0;44.0;34.0;0.0;40.0;83.0;131.0;19.0;145.0;5.0]
[1961,TRHQGGV128F145B080,"Yellow Jacket",SOEAHTY12A6D4F8A48,"Walk Don't Run - The Best Of The Ventures",AR1G3G71187B98FE83,b2cc8903-0077-4bef-8454-ac5cef53d126,"The Ventures",152.0322,0.72660393805,0.389484372459,376,1.0,113.0;74.0;79.0;30.0;16.0;197.0;47.0;43.0;369.0;2.0;62.0;0.0;65.0;50.0;264.0;5.0;38.0]
[1961,TRVKIMO128F42874BF,"The Prom",SORWZCE12A8C13FE56,"Del Shannon Rare Tracks  & Demos Volume 1",AR40GVR1187B9B6C87,2e885bfb-1f59-49cf-8d51-e743445e1b48,"Del Shannon",130.76853,0.66541980175,0.493645254165,40,0.0;2052.0,3.0;18.0;24.0;54.0;28.0;85.0;121.0;485.0;116.0;36.0;30.0;92.0;399.0;23.0;248.0;17.0;63.0;10.0;1.0;73.0;88.0;35.0;16.0;41.0;27.0;101.0;185.0;42.0;4.0;9.0;7.0;307.0;596.0;105.0;2.0;13.0;87.0;14.0;34.0;0.0;137.0;141.0;40.0;65.0;19.0;50.0;25.0;38.0;26.0]
[1961,TRMYTUF128F42874C6,Jody,SOWSOTN12A8C14147A,"Del Shannon Rare Tracks  & Demos Volume 1",AR40GVR1187B9B6C87,2e885bfb-1f59-49cf-8d51-e743445e1b48,"Del Shannon",136.25424,0.66541980175,0.527055592658,33,0.0;2052.0,3.0;18.0;24.0;54.0;28.0;85.0;121.0;485.0;116.0;36.0;30.0;92.0;399.0;23.0;248.0;17.0;63.0;10.0;1.0;73.0;88.0;35.0;16.0;41.0;27.0;101.0;185.0;42.0;4.0;9.0;7.0;307.0;596.0;105.0;2.0;13.0;87.0;14.0;34.0;0.0;137.0;141.0;40.0;65.0;19.0;50.0;25.0;38.0;26.0]
[1961,TRBDWJP128F42874BE,"He Doesn't Care",SOGVIRX12A8C13FE52,"Del Shannon Rare Tracks  & Demos Volume 1",AR40GVR1187B9B6C87,2e885bfb-1f59-49cf-8d51-e743445e1b48,"Del Shannon",164.70159,0.66541980175,0.493645254165,32,0.0;2052.0,3.0;18.0;24.0;54.0;28.0;85.0;121.0;485.0;116.0;36.0;30.0;92.0;399.0;23.0;248.0;17.0;63.0;10.0;1.0;73.0;88.0;35.0;16.0;41.0;27.0;101.0;185.0;42.0;4.0;9.0;7.0;307.0;596.0;105.0;2.0;13.0;87.0;14.0;34.0;0.0;137.0;141.0;40.0;65.0;19.0;50.0;25.0;38.0;26.0]
[1961,TRMOPMP128F42874BD,Lies,SOUNXEC12A8C13FE50,"Del Shannon Rare Tracks  & Demos Volume 1",AR40GVR1187B9B6C87,2e885bfb-1f59-49cf-8d51-e743445e1b48,"Del Shannon",108.59057,0.66541980175,0.527055592658,1810,0.0;2052.0,3.0;18.0;24.0;54.0;28.0;85.0;121.0;485.0;116.0;36.0;30.0;92.0;399.0;23.0;248.0;17.0;63.0;10.0;1.0;73.0;88.0;35.0;16.0;41.0;27.0;101.0;185.0;42.0;4.0;9.0;7.0;307.0;596.0;105.0;2.0;13.0;87.0;14.0;34.0;0.0;137.0;141.0;40.0;65.0;19.0;50.0;25.0;38.0;26.0]
[1961,TRPLJUP128F9338C3B,"A Thousand Stars",SOFFYLJ12AB0184276,"Billy Fury Collection",ARHR10C1187FB5B6DB,0554256d-9f58-48f7-8e17-a3768eb1437d,"Billy Fury",176.90077,0.535581151031,0.360022644131,18,3.0;0.0,113.0;3.0;54.0;149.0;75.0;573.0;116.0;36.0;91.0;30.0;92.0;23.0;248.0;63.0;164.0;16.0;64.0;185.0;7.0;1440.0;58.0;105.0;2.0;13.0;0.0;137.0;141.0;1144.0;65.0;19.0;148.0;38.0;26.0]
[1961,TRMYHNL128F932529A,"Halfway To Paradise",SOCFXOJ12A58A7CA27,"The Wonderful World of the 60's - 100 Hit Songs",ARHR10C1187FB5B6DB,0554256d-9f58-48f7-8e17-a3768eb1437d,"Billy Fury",139.33669,0.535581151031,0.360022644131,134,3.0;0.0,113.0;3.0;54.0;149.0;75.0;573.0;116.0;36.0;91.0;30.0;92.0;23.0;248.0;63.0;164.0;16.0;64.0;185.0;7.0;1440.0;58.0;105.0;2.0;13.0;0.0;137.0;141.0;1144.0;65.0;19.0;148.0;38.0;26.0]
[1961,TRCBRED128F425B1BA,Somewhere,SOIYMMM12A8AE490CB,"A Place For Us - A Tribute to 50 Years of West Side Story",ARLKR161187FB50694,7bf711e9-4e69-4e08-b6e8-c0cb5805f1e7,"The Dave Brubeck Quartet",255.99955,0.739779752036,0.492955719605,35,1.0;22.0,295.0;113.0;102.0;32.0;189.0;24.0;327.0;173.0;45.0;79.0;91.0;297.0;63.0;1.0;99.0;11.0;16.0;199.0;53.0;331.0;43.0;7.0;285.0;525.0;39.0;175.0;93.0;124.0;98.0;476.0;105.0;100.0;381.0;184.0;309.0;131.0;145.0;50.0;148.0;5.0]
[1961,TRBTEYB128F427381A,"Far More Blue",SOKXQZA12A8C132B60,"Time Further Out",ARLKR161187FB50694,7bf711e9-4e69-4e08-b6e8-c0cb5805f1e7,"The Dave Brubeck Quartet",277.7073,0.739779752036,0.492955719605,8,1.0;22.0,295.0;113.0;102.0;32.0;189.0;24.0;327.0;173.0;45.0;79.0;91.0;297.0;63.0;1.0;99.0;11.0;16.0;199.0;53.0;331.0;43.0;7.0;285.0;525.0;39.0;175.0;93.0;124.0;98.0;476.0;105.0;100.0;381.0;184.0;309.0;131.0;145.0;50.0;148.0;5.0]
[1961,TRXAQXB128F147774B,"Sentimental Journey",SODXXII12A6D4F5606,Reflections,ARQJK8L1187B9BA068,47b06d12-32f0-4ef3-b2ce-7eab942eab8c,"Acker Bilk / Leon Young String Chorale",174.73261,0.537707603543,0.383034190015,27,3.0;284.0;6.0;2.0,113.0;24.0;54.0;245.0;28.0;75.0;121.0;45.0;1397.0;36.0;181.0;30.0;23.0;601.0;63.0;1.0;164.0;158.0;88.0;16.0;53.0;20.0;2227.0;43.0;7.0;166.0;205.0;487.0;476.0;229.0;105.0;869.0;2.0;13.0;34.0;0.0;220.0;65.0;243.0;1976.0;5.0;38.0;26.0]
[1961,TRYYITV128F9311F31,"Blue Holiday",SOMTOWW12AB017E51B,"Best of The Shirelles",ARALP6I1187B989E27,a8540ea0-1a74-4c22-8b70-1348a77a74a0,"The Shirelles",202.16118,0.662298709656,0.379137555625,3,1.0;11.0;52.0;62.0,113.0;506.0;24.0;54.0;28.0;85.0;1162.0;116.0;36.0;30.0;92.0;23.0;248.0;63.0;1.0;21.0;90.0;35.0;16.0;27.0;64.0;185.0;4.0;7.0;93.0;124.0;373.0;105.0;2.0;13.0;87.0;69.0;0.0;137.0;141.0;40.0;65.0;19.0;50.0;264.0;25.0;5.0;38.0;26.0]
[1961,TRQNIVJ128C7196529,"Shop Around",SOISQAT12A6310D823,"Universal Masters Collection",ARWAYHU1187B9A36E5,6a4c2d34-7f7f-4f87-b17f-b5540aa840db,"The Miracles",171.44118,0.595596213352,0.426205343939,1943,0.0,113.0;52.0;24.0;54.0;738.0;128.0;28.0;85.0;116.0;36.0;690.0;92.0;23.0;248.0;17.0;63.0;1.0;88.0;11.0;41.0;27.0;64.0;20.0;196.0;6.0;7.0;285.0;175.0;58.0;373.0;460.0;105.0;2.0;13.0;87.0;69.0;34.0;0.0;65.0;19.0;145.0;50.0;401.0;5.0;125.0;38.0]
[1961,TREGAOH128F931AF42,"Way Over There",SOBIJIT12A8C1450C0,"The Complete Motown Singles_ Volume 1: 1959-1961",ARWAYHU1187B9A36E5,6a4c2d34-7f7f-4f87-b17f-b5540aa840db,"The Miracles",177.26649,0.61842065585,0.426205343939,31,0.0,113.0;52.0;24.0;54.0;738.0;128.0;28.0;85.0;116.0;36.0;690.0;92.0;23.0;248.0;17.0;63.0;1.0;88.0;11.0;41.0;27.0;64.0;20.0;196.0;6.0;7.0;285.0;175.0;58.0;373.0;460.0;105.0;2.0;13.0;87.0;69.0;34.0;0.0;65.0;19.0;145.0;50.0;401.0;5.0;125.0;38.0]
[1961,TRJMXWR128F1461697,"How Could You Do A Thing Like That To Me? (1999 Digital Remaster)",SODRAXA12A6D4F7ED5,"Come Swing With Me!",ARTASUV1187B9A2B67,197450cd-0124-4164-b723-3c22dd16494d,"Frank Sinatra",164.72771,0.825841245707,0.580418995577,40,1.0;63.0;1920.0;22.0;11.0;133.0,54.0;245.0;63.0;7.0;404.0;105.0;2.0;639.0;19.0;148.0;617.0;38.0;337.0]
[1961,TRUIEFD12903CE3776,"Just Say I Love Him (2004 Digital Remaster)",SOBLCHA12AC4685877,"Forbidden Fruit",AR2UWUD1187B9B3B01,2944824d-4c26-476f-a981-be849081942f,"Nina Simone",395.75465,0.661601101289,0.545536177337,2,1.0;0.0;8.0;176.0;22.0;52.0;62.0,657.0;54.0;28.0;79.0;91.0;438.0;16.0;27.0;196.0;174.0;43.0;7.0;404.0;93.0;100.0;2.0;69.0;0.0;335.0;119.0;217.0;19.0;377.0;600.0;5.0;38.0;337.0;293.0;768.0]
[1961,TRKZNCK128F4220CDE,"I'll Be Home For Christmas",SOKXOCT12A6D4FEB19,"Christmas Impressions - Christmas Moods",ARX5KSY1187FB3CBDC,0182474b-8a1d-46d0-9d0f-e6df353335ea,"Perry Como",174.81098,0.676214741929,0.511111863625,76,151.0;1.0;233.0;0.0;32.0;284.0;22.0;53.0;11.0;5.0;127.0;133.0,295.0;113.0;110.0;24.0;54.0;28.0;116.0;45.0;240.0;91.0;30.0;31.0;63.0;16.0;185.0;20.0;7.0;39.0;93.0;166.0;58.0;378.0;105.0;100.0;2.0;13.0;69.0;424.0;0.0;137.0;217.0;131.0;19.0;50.0;148.0;617.0;5.0;38.0;337.0;671.0;26.0]
[1961,TRVFZRN128F428A1AB,"It's A Sin",SOGUIYY12A58A7ABFA,"Something For Everybody",ARULZ741187B9AD2EF,01809552-4f87-45b0-afff-2c6f0730a3be,"Elvis Presley",161.33179,0.784703638381,0.623782610977,6,1.0;37.0;0.0;32.0;176.0;1680.0;5.0;127.0;253.0;79.0,113.0;32.0;54.0;149.0;28.0;79.0;36.0;30.0;135.0;196.0;47.0;7.0;166.0;100.0;2.0;13.0;0.0;141.0;210.0;119.0;217.0;233.0;19.0;50.0;38.0]
[1961,TRROFAL128F4291E24,"Look On Yonder Wall",SOVLYTE12A8C1397ED,"Shake Your Moneymaker: The Best of the Fire Sessions",ART70HI1187B9A37BC,6fbd2cfb-5f9c-497c-8e06-3c6668367681,"Elmore James",145.71057,0.619366855459,0.43482343141,4,37.0;520.0;0.0;280.0,113.0;110.0;32.0;189.0;3.0;18.0;24.0;28.0;85.0;74.0;450.0;45.0;36.0;290.0;399.0;357.0;1.0;16.0;27.0;101.0;47.0;42.0;664.0;4.0;9.0;97.0;7.0;596.0;166.0;58.0;105.0;497.0;2.0;89.0;13.0;69.0;0.0;141.0;40.0;65.0;19.0;25.0;578.0;5.0;38.0]
[1961,TRJILUM128F429F3D7,"Hub Caps And Tail Lights",SOCDCFP12A8C13B428,"Breakfast At Tiffany's",ARZWPWP1241B9CA793,83e71a21-caf7-4e48-8ff7-6512d51e88a3,"Henry Mancini & His Orchestra",150.15138,0.615859697229,0.437494806886,215,1.0;0.0;667.0;51.0;205.0;1371.0,113.0;110.0;52.0;18.0;24.0;245.0;28.0;79.0;91.0;215.0;63.0;1.0;21.0;772.0;598.0;27.0;9.0;43.0;837.0;7.0;750.0;93.0;166.0;1287.0;105.0;219.0;971.0;965.0;100.0;2.0;131.0;50.0;612.0;148.0;5.0;337.0]
[1961,TRSEPHF128F4296603,"No-Cal Sugar Loaf",SODWKGM12AB017ADF7,"Mr. Lucky + Mr. Lucky Goes Latin",ARZWPWP1241B9CA793,83e71a21-caf7-4e48-8ff7-6512d51e88a3,"Henry Mancini & His Orchestra",126.17098,0.615859697229,0.437494806886,73,1.0;0.0;667.0;51.0;205.0;1371.0,113.0;110.0;52.0;18.0;24.0;245.0;28.0;79.0;91.0;215.0;63.0;1.0;21.0;772.0;598.0;27.0;9.0;43.0;837.0;7.0;750.0;93.0;166.0;1287.0;105.0;219.0;971.0;965.0;100.0;2.0;131.0;50.0;612.0;148.0;5.0;337.0]
[1961,TRCBAWP128F42965F9,"The Dancing Cat",SOATNBH12A8C13C2A5,"Mr. Lucky + Mr. Lucky Goes Latin",ARZWPWP1241B9CA793,83e71a21-caf7-4e48-8ff7-6512d51e88a3,"Henry Mancini & His Orchestra",179.17342,0.615859697229,0.437494806886,7,1.0;0.0;667.0;51.0;205.0;1371.0,113.0;110.0;52.0;18.0;24.0;245.0;28.0;79.0;91.0;215.0;63.0;1.0;21.0;772.0;598.0;27.0;9.0;43.0;837.0;7.0;750.0;93.0;166.0;1287.0;105.0;219.0;971.0;965.0;100.0;2.0;131.0;50.0;612.0;148.0;5.0;337.0]
[1961,TRVWJPV128F429F3D4,"Mr. Yunioshi",SODNUEW12A58A7DD64,"Breakfast At Tiffany's",ARZWPWP1241B9CA793,83e71a21-caf7-4e48-8ff7-6512d51e88a3,"Henry Mancini & His Orchestra",150.90893,0.615859697229,0.437494806886,112,1.0;0.0;667.0;51.0;205.0;1371.0,113.0;110.0;52.0;18.0;24.0;245.0;28.0;79.0;91.0;215.0;63.0;1.0;21.0;772.0;598.0;27.0;9.0;43.0;837.0;7.0;750.0;93.0;166.0;1287.0;105.0;219.0;971.0;965.0;100.0;2.0;131.0;50.0;612.0;148.0;5.0;337.0]
[1961,TRDWHXV128F148CED1,"Back Door Man",SOUEUTG12A6D4F8194,"The Chess Box",ARUGAPO1187B9B21DB,ca5b38c2-f39d-45a4-ad3d-daf4448846ef,"Howlin' Wolf",170.9971,0.75331367098,0.469870759703,983,37.0;0.0,113.0;110.0;32.0;308.0;24.0;54.0;28.0;85.0;855.0;450.0;79.0;36.0;290.0;399.0;357.0;1170.0;41.0;27.0;101.0;20.0;47.0;42.0;664.0;97.0;7.0;1977.0;596.0;58.0;1684.0;105.0;2.0;81.0;67.0;14.0;69.0;34.0;0.0;141.0;40.0;19.0;242.0;5.0;26.0]
[1961,TRSWOOZ128F145C9EF,"Angel Eyes",SOIABRB12A6D4F608B,"I'm In The Mood For Love",ARQWIVH1187B9B0101,05ec70a5-3858-4346-a649-fda0a297b8c1,"Shirley Bassey",186.85342,0.707486539218,0.481072737271,107,233.0;3.0;378.0;63.0;11.0;2.0;450.0;117.0,102.0;3.0;54.0;128.0;28.0;85.0;214.0;152.0;116.0;36.0;297.0;92.0;51.0;23.0;17.0;46.0;63.0;10.0;1.0;88.0;27.0;94.0;185.0;4.0;6.0;12.0;132.0;7.0;139.0;175.0;93.0;280.0;48.0;105.0;2.0;13.0;70.0;34.0;0.0;131.0;65.0;19.0;145.0;50.0;49.0;15.0;22.0;56.0;38.0]
[1961,TRAZVKZ128E0781793,"Reach For The Stars",SOAXEXV12A6310EEB0,Essential,ARQWIVH1187B9B0101,05ec70a5-3858-4346-a649-fda0a297b8c1,"Shirley Bassey",176.40444,0.707486539218,0.481072737271,67,233.0;3.0;378.0;63.0;11.0;2.0;450.0;117.0,102.0;3.0;54.0;128.0;28.0;85.0;214.0;152.0;116.0;36.0;297.0;92.0;51.0;23.0;17.0;46.0;63.0;10.0;1.0;88.0;27.0;94.0;185.0;4.0;6.0;12.0;132.0;7.0;139.0;175.0;93.0;280.0;48.0;105.0;2.0;13.0;70.0;34.0;0.0;131.0;65.0;19.0;145.0;50.0;49.0;15.0;22.0;56.0;38.0]
[1961,TRCLVKT128E078D1E9,"My Favorite Things (LP Version)",SOFFIOD12A6701FD38,"My Favorite Things",ARIOZCU1187FB3A3DC,b625448e-bf4a-41c3-a421-72ad46cdb831,"JOHN COLTRANE",824.13669,0.796357078697,0.487700539415,86,1.0;39.0;338.0;242.0;425.0;255.0;22.0;26.0;498.0;316.0;12.0,295.0;113.0;112.0;78.0;327.0;129.0;28.0;1397.0;79.0;215.0;11.0;583.0;271.0;199.0;174.0;331.0;445.0;1324.0;43.0;7.0;127.0;562.0;100.0;381.0;396.0;442.0;0.0;309.0;19.0;284.0;410.0;5.0]
[1961,TRCDZJC128E078D1EF,"My Favorite Things_ Part 2 (Single Version)",SOSAQNU12A6701FD3D,"My Favorite Things",ARIOZCU1187FB3A3DC,b625448e-bf4a-41c3-a421-72ad46cdb831,"JOHN COLTRANE",182.38649,0.796357078697,0.487700539415,61,1.0;39.0;338.0;242.0;425.0;255.0;22.0;26.0;498.0;316.0;12.0,295.0;113.0;112.0;78.0;327.0;129.0;28.0;1397.0;79.0;215.0;11.0;583.0;271.0;199.0;174.0;331.0;445.0;1324.0;43.0;7.0;127.0;562.0;100.0;381.0;396.0;442.0;0.0;309.0;19.0;284.0;410.0;5.0]
[1961,TROQMHZ128F92D155D,"My Favorite Things",SOUKPCI12A8C146956,"Live Trane - The European Tours",ARIOZCU1187FB3A3DC,b625448e-bf4a-41c3-a421-72ad46cdb831,"JOHN COLTRANE",1513.69098,0.796357078697,0.487700539415,13,1.0;39.0;338.0;242.0;425.0;255.0;22.0;26.0;498.0;316.0;12.0,295.0;113.0;112.0;78.0;327.0;129.0;28.0;1397.0;79.0;215.0;11.0;583.0;271.0;199.0;174.0;331.0;445.0;1324.0;43.0;7.0;127.0;562.0;100.0;381.0;396.0;442.0;0.0;309.0;19.0;284.0;410.0;5.0]
[1961,TRPSHHX128F42972EA,"I'm Just A Lucky So And So",SOFOHVR12A6D4F8AAD,"The Best Of Louis Armstrong",AR30W6W1187FB5B46F,5b20c8bc-9ec6-45e4-9a89-5b41686e9726,"Louis Armstrong & Duke Ellington",188.26404,0.536607797939,0.497741412499,552,22.0,657.0;753.0;24.0;245.0;28.0;1410.0;2255.0;794.0;2219.0;728.0;7.0;917.0;525.0;404.0;1112.0;457.0;317.0;105.0;100.0;355.0;2029.0;1158.0;401.0;148.0;410.0;125.0;38.0]
[1961,TRJLXSC128F145B129,Solitude,SOTZGBP12A6D4F8AB7,"The Complete Louis Armstrong - Duke Ellington Sessions",AR30W6W1187FB5B46F,5b20c8bc-9ec6-45e4-9a89-5b41686e9726,"Louis Armstrong & Duke Ellington",297.482,0.536607797939,0.497741412499,2050,22.0,657.0;753.0;24.0;245.0;28.0;1410.0;2255.0;794.0;2219.0;728.0;7.0;917.0;525.0;404.0;1112.0;457.0;317.0;105.0;100.0;355.0;2029.0;1158.0;401.0;148.0;410.0;125.0;38.0]
[1961,TRNAAMK128F92F2ABE,"Duke Of Earl",SOQHOZP12A58A7CEB1,"Duke Of Earl / Groovy Situation",ARYBUAO1187FB3F4EB,89ac1a98-98f0-473c-96ef-e6f7cb0944ae,"Gene Chandler",153.33832,0.570016702885,0.393762698987,5004,0.0,113.0;110.0;52.0;24.0;738.0;28.0;1239.0;237.0;1073.0;79.0;23.0;248.0;35.0;27.0;196.0;394.0;294.0;166.0;58.0;373.0;460.0;105.0;2.0;986.0;69.0;0.0;40.0;19.0;1265.0;5.0;2724.0;38.0;395.0]
[1961,TRQAFZS128F92F2128,"Pal Of Mine",SORZJNJ12AB01806EF,"Joan Baez_ Vol. Ii",AR60ODO1187FB4D9AB,92d37892-6186-4459-9cc1-f0dde57652d0,"Joan Baez",169.50812,0.732261286176,0.455289243597,11,272.0;1.0;349.0;32.0;8.0;176.0;11.0;5.0;488.0;152.0,113.0;110.0;52.0;32.0;8.0;3.0;24.0;54.0;78.0;28.0;85.0;116.0;36.0;584.0;30.0;92.0;1.0;11.0;90.0;35.0;16.0;41.0;341.0;53.0;20.0;47.0;203.0;6.0;9.0;7.0;105.0;190.0;2.0;13.0;62.0;0.0;40.0;65.0;19.0;50.0;49.0;15.0;570.0;5.0;38.0;26.0]
[1961,TRVWSOO128F92F2124,"Engine 143",SORTBWB12AB01806DD,"Joan Baez_ Vol. Ii",AR60ODO1187FB4D9AB,92d37892-6186-4459-9cc1-f0dde57652d0,"Joan Baez",211.06893,0.732261286176,0.455289243597,5,272.0;1.0;349.0;32.0;8.0;176.0;11.0;5.0;488.0;152.0,113.0;110.0;52.0;32.0;8.0;3.0;24.0;54.0;78.0;28.0;85.0;116.0;36.0;584.0;30.0;92.0;1.0;11.0;90.0;35.0;16.0;41.0;341.0;53.0;20.0;47.0;203.0;6.0;9.0;7.0;105.0;190.0;2.0;13.0;62.0;0.0;40.0;65.0;19.0;50.0;49.0;15.0;570.0;5.0;38.0;26.0]
[1961,TRQSEON128F92F2125,"Once I Knew A Pretty Girl",SOGDKBF12A58A7A63C,"Joan Baez_ Vol. Ii",AR60ODO1187FB4D9AB,92d37892-6186-4459-9cc1-f0dde57652d0,"Joan Baez",174.41914,0.732261286176,0.455289243597,31,272.0;1.0;349.0;32.0;8.0;176.0;11.0;5.0;488.0;152.0,113.0;110.0;52.0;32.0;8.0;3.0;24.0;54.0;78.0;28.0;85.0;116.0;36.0;584.0;30.0;92.0;1.0;11.0;90.0;35.0;16.0;41.0;341.0;53.0;20.0;47.0;203.0;6.0;9.0;7.0;105.0;190.0;2.0;13.0;62.0;0.0;40.0;65.0;19.0;50.0;49.0;15.0;570.0;5.0;38.0;26.0]
[1961,TRUZZIZ128F92F2123,Silkie,SODOAKL12AB01806D8,"Joan Baez_ Vol. Ii",AR60ODO1187FB4D9AB,92d37892-6186-4459-9cc1-f0dde57652d0,"Joan Baez",239.5424,0.732261286176,0.455289243597,9,272.0;1.0;349.0;32.0;8.0;176.0;11.0;5.0;488.0;152.0,113.0;110.0;52.0;32.0;8.0;3.0;24.0;54.0;78.0;28.0;85.0;116.0;36.0;584.0;30.0;92.0;1.0;11.0;90.0;35.0;16.0;41.0;341.0;53.0;20.0;47.0;203.0;6.0;9.0;7.0;105.0;190.0;2.0;13.0;62.0;0.0;40.0;65.0;19.0;50.0;49.0;15.0;570.0;5.0;38.0;26.0]
[1961,TRZJIGI12903CD8859,"Town Without Pity",SOIBBZH12AB018A8A5,"A Groovy Kind of Love  (Best of Gene Pitney)",AR0N9BV1187FB3AD01,828b1208-2ce4-40c1-b659-11d7f540748c,"Gene Pitney",178.05016,0.556410013089,0.396596274818,274,1.0,295.0;113.0;821.0;1092.0;24.0;54.0;149.0;666.0;1162.0;493.0;36.0;30.0;461.0;930.0;63.0;1118.0;463.0;228.0;95.0;93.0;58.0;124.0;105.0;2.0;13.0;184.0;0.0;137.0;335.0;40.0;65.0;430.0;5.0]
[1961,TRLYBAF128F92F1691,"Stand By Me",SOSAAHE12A8C143DD7,"Forever Friends - Thank You Mum",ARISHTQ1187FB3E6F0,837555ba-012e-45f1-9a9c-9628da13ee54,"Ben E. King",175.80363,0.688638653571,0.478780074307,174,0.0,113.0;52.0;18.0;24.0;54.0;738.0;28.0;85.0;1162.0;116.0;45.0;36.0;91.0;30.0;23.0;248.0;17.0;63.0;1.0;21.0;16.0;41.0;27.0;20.0;42.0;60.0;4.0;7.0;58.0;373.0;105.0;2.0;13.0;86.0;69.0;34.0;0.0;137.0;141.0;65.0;19.0;145.0;1255.0;50.0;25.0;5.0]
[1961,TRLGQPZ12903C9F46B,"Stand By Me",SOIHVGN12A6D4F853F,"The 60's",ARISHTQ1187FB3E6F0,837555ba-012e-45f1-9a9c-9628da13ee54,"Ben E. King",176.3522,0.688638653571,0.478780074307,930,0.0,113.0;52.0;18.0;24.0;54.0;738.0;28.0;85.0;1162.0;116.0;45.0;36.0;91.0;30.0;23.0;248.0;17.0;63.0;1.0;21.0;16.0;41.0;27.0;20.0;42.0;60.0;4.0;7.0;58.0;373.0;105.0;2.0;13.0;86.0;69.0;34.0;0.0;137.0;141.0;65.0;19.0;145.0;1255.0;50.0;25.0;5.0]
[1961,TRZIVQY12903CEA102,"This Magic Moment",SOJNJTP12AB0187964,"Stand By Me",ARISHTQ1187FB3E6F0,837555ba-012e-45f1-9a9c-9628da13ee54,"Ben E. King",147.12118,0.688638653571,0.484178405858,482,0.0,113.0;52.0;18.0;24.0;54.0;738.0;28.0;85.0;1162.0;116.0;45.0;36.0;91.0;30.0;23.0;248.0;17.0;63.0;1.0;21.0;16.0;41.0;27.0;20.0;42.0;60.0;4.0;7.0;58.0;373.0;105.0;2.0;13.0;86.0;69.0;34.0;0.0;137.0;141.0;65.0;19.0;145.0;1255.0;50.0;25.0;5.0]
[1961,TRRSHRI128F42759C6,"Souvenir Of Mexico (LP Version)",SOGCHUH12A8C13C0DF,"Spanish Harlem",ARISHTQ1187FB3E6F0,837555ba-012e-45f1-9a9c-9628da13ee54,"Ben E. King",145.29261,0.688638653571,0.484178405858,2,0.0,113.0;52.0;18.0;24.0;54.0;738.0;28.0;85.0;1162.0;116.0;45.0;36.0;91.0;30.0;23.0;248.0;17.0;63.0;1.0;21.0;16.0;41.0;27.0;20.0;42.0;60.0;4.0;7.0;58.0;373.0;105.0;2.0;13.0;86.0;69.0;34.0;0.0;137.0;141.0;65.0;19.0;145.0;1255.0;50.0;25.0;5.0]
[1961,TRMOYRE128F93032DD,"Mingus Fingus No. 2",SOVGTLZ12AB017D502,Pre-Bird,ARJ6VQ21187B98BC8A,f3b8e107-abe8-4743-b6a3-4a4ee995e71f,"Charles Mingus",218.27873,0.695431936127,0.55365973538,36,1.0;338.0;242.0;22.0;548.0,657.0;113.0;76.0;1060.0;112.0;1661.0;78.0;327.0;245.0;129.0;28.0;74.0;745.0;79.0;91.0;80.0;215.0;135.0;31.0;84.0;696.0;200.0;314.0;11.0;1407.0;583.0;271.0;199.0;196.0;171.0;331.0;462.0;739.0;445.0;1324.0;43.0;294.0;7.0;299.0;253.0;1469.0;157.0;283.0;205.0;1269.0;127.0;100.0;190.0;381.0;396.0;236.0;309.0;119.0;239.0;377.0;415.0;148.0;1086.0;1286.0;243.0;410.0;5.0;125.0;38.0;293.0]
[1961,TRIYYXQ128F93032DF,"Do Nothin' Till You Hear From Me",SOOVJWZ12AB017D50C,Pre-Bird,ARJ6VQ21187B98BC8A,f3b8e107-abe8-4743-b6a3-4a4ee995e71f,"Charles Mingus",219.79383,0.695431936127,0.55365973538,4,1.0;338.0;242.0;22.0;548.0,657.0;113.0;76.0;1060.0;112.0;1661.0;78.0;327.0;245.0;129.0;28.0;74.0;745.0;79.0;91.0;80.0;215.0;135.0;31.0;84.0;696.0;200.0;314.0;11.0;1407.0;583.0;271.0;199.0;196.0;171.0;331.0;462.0;739.0;445.0;1324.0;43.0;294.0;7.0;299.0;253.0;1469.0;157.0;283.0;205.0;1269.0;127.0;100.0;190.0;381.0;396.0;236.0;309.0;119.0;239.0;377.0;415.0;148.0;1086.0;1286.0;243.0;410.0;5.0;125.0;38.0;293.0]
[1961,TRJVTYU128F92F6F8D,"Johnny Remember Me",SOJEMVN12AB017E1F8,"Telstar: The Joe Meek Story OST",ARJG8SB1187FB54C43,4486b1d3-d648-4a79-acbb-aa61da629813,"John Leyton",158.22322,0.453553496786,0.33082102575,528,3.0;6.0;2.0,113.0;821.0;3.0;54.0;28.0;75.0;36.0;30.0;16.0;64.0;20.0;93.0;58.0;330.0;105.0;2.0;13.0;34.0;0.0;141.0;119.0;65.0;19.0;264.0;38.0]
