[1962,TRJBRRX128F4269B1D,"San Antonio Rose",SOKOVGU12A8C1394D3,"I Remember You",ARTHWIZ1187FB4258D,7fb61f7b-2ad3-4d5b-96fd-5c5327456abb,"Frank Ifield",141.5571,0.46989530919,0.364817617549,16,49.0;3.0;6.0;2.0,113.0;54.0;85.0;75.0;116.0;36.0;191.0;30.0;464.0;461.0;92.0;23.0;63.0;1.0;164.0;96.0;99.0;11.0;16.0;277.0;29.0;6.0;286.0;132.0;7.0;166.0;58.0;500.0;1700.0;71.0;193.0;1618.0;105.0;2.0;13.0;34.0;0.0;131.0;65.0;19.0;148.0;430.0;5.0;38.0;26.0]
[1962,TRHOYFB128F4269B1C,"Lonely Teardrops",SODISMN12A8C1394D1,"I Remember You",ARTHWIZ1187FB4258D,7fb61f7b-2ad3-4d5b-96fd-5c5327456abb,"Frank Ifield",118.12526,0.46989530919,0.364817617549,11,49.0;3.0;6.0;2.0,113.0;54.0;85.0;75.0;116.0;36.0;191.0;30.0;464.0;461.0;92.0;23.0;63.0;1.0;164.0;96.0;99.0;11.0;16.0;277.0;29.0;6.0;286.0;132.0;7.0;166.0;58.0;500.0;1700.0;71.0;193.0;1618.0;105.0;2.0;13.0;34.0;0.0;131.0;65.0;19.0;148.0;430.0;5.0;38.0;26.0]
[1962,TRFKLUS128F9347CFE,"Boll Weevil Blues (Boll Weevil)",SOCZKEV12AB0184531,"Woody Guthrie Sings Folk Songs",ARODTXM1187B9B7855,cbd827e1-4e38-427e-a436-642683433732,"Woody Guthrie",194.40281,0.734302783097,0.433121678609,246,8.0,113.0;32.0;8.0;189.0;18.0;24.0;146.0;265.0;28.0;493.0;36.0;30.0;290.0;399.0;629.0;16.0;41.0;53.0;47.0;9.0;12.0;97.0;7.0;108.0;58.0;124.0;105.0;371.0;190.0;1686.0;864.0;62.0;14.0;473.0;0.0;210.0;40.0;260.0;570.0;5.0;26.0]
[1962,TRCZLTG128F9347CFD,"Brown Eyes",SOJZARS12AB018B19D,"Woody Guthrie Sings Folk Songs",ARODTXM1187B9B7855,cbd827e1-4e38-427e-a436-642683433732,"Woody Guthrie",181.21098,0.734302783097,0.433121678609,357,8.0,113.0;32.0;8.0;189.0;18.0;24.0;146.0;265.0;28.0;493.0;36.0;30.0;290.0;399.0;629.0;16.0;41.0;53.0;47.0;9.0;12.0;97.0;7.0;108.0;58.0;124.0;105.0;371.0;190.0;1686.0;864.0;62.0;14.0;473.0;0.0;210.0;40.0;260.0;570.0;5.0;26.0]
[1962,TRFXWJG12903CB5D03,"Oye Como Va",SOCSNAG12AB01863D9,"The Latin Jazz Collection",AR02IU11187FB513F2,f19ad155-d809-4770-ab8d-7579467d9f55,"Tito Puente",269.42649,0.72210627352,0.480724780921,4,22.0;53.0,156.0;245.0;214.0;215.0;2307.0;200.0;7.0;39.0;175.0;378.0;111.0;219.0;427.0;100.0;2.0;274.0;309.0;358.0]
[1962,TRRWJSM128F427B3FE,"I Wanna Be Around",SOSYFVU12A8C138961,"The Essential Tony Bennett (A Retrospective)",AR4ZNBW1187FB554B8,8be0594f-8c13-46bb-ab06-f93ffba5c776,"Tony Bennett",133.22404,0.761003317849,0.549138581538,185,1.0;22.0;11.0,245.0;79.0;215.0;30.0;90.0;47.0;43.0;7.0;404.0;93.0;100.0;2.0;0.0;220.0;639.0;119.0;50.0;600.0;148.0;617.0;410.0;5.0;38.0;337.0;293.0]
[1962,TRGXBEU128F42B12DA,"Tender Is The Night",SOCGQQJ12A8C13EEB5,"I Left My Heart In San Francisco",AR4ZNBW1187FB554B8,8be0594f-8c13-46bb-ab06-f93ffba5c776,"Tony Bennett",158.82404,0.761003317849,0.549138581538,73,1.0;22.0;11.0,245.0;79.0;215.0;30.0;90.0;47.0;43.0;7.0;404.0;93.0;100.0;2.0;0.0;220.0;639.0;119.0;50.0;600.0;148.0;617.0;410.0;5.0;38.0;337.0;293.0]
[1962,TRRPOVT128EF35E2D0,Cariba,SOJXJBA12A6D4F5D59,"Full House [Keepnews Collection]",ARIXE8X1187B999C7B,663f8232-8c46-4851-803f-a91d31593b14,"Wes Montgomery",581.19791,0.674474044136,0.408787122021,154,1.0;526.0;654.0;255.0;22.0;759.0;504.0;2130.0,8.0;24.0;327.0;28.0;214.0;450.0;45.0;36.0;181.0;297.0;51.0;17.0;63.0;1.0;21.0;199.0;27.0;20.0;180.0;47.0;331.0;42.0;60.0;4.0;6.0;9.0;12.0;43.0;7.0;139.0;285.0;39.0;175.0;378.0;37.0;105.0;2.0;13.0;67.0;34.0;0.0;202.0;258.0;83.0;131.0;65.0;19.0;145.0;56.0;5.0]
[1962,TRGGVZU128EF35E2D1,"Come Rain Or Come Shine",SOTAVYL12A6D4F5D5A,"Full House [Keepnews Collection]",ARIXE8X1187B999C7B,663f8232-8c46-4851-803f-a91d31593b14,"Wes Montgomery",417.802,0.674474044136,0.408787122021,166,1.0;526.0;654.0;255.0;22.0;759.0;504.0;2130.0,8.0;24.0;327.0;28.0;214.0;450.0;45.0;36.0;181.0;297.0;51.0;17.0;63.0;1.0;21.0;199.0;27.0;20.0;180.0;47.0;331.0;42.0;60.0;4.0;6.0;9.0;12.0;43.0;7.0;139.0;285.0;39.0;175.0;378.0;37.0;105.0;2.0;13.0;67.0;34.0;0.0;202.0;258.0;83.0;131.0;65.0;19.0;145.0;56.0;5.0]
[1962,TRVSKAD128F424C620,"Miss Ann",SOFHITS12A8C135918,"Best Of Eric Dolphy_ The",ART9DQT1187FB3DFAC,badda5cf-f2c5-4dc2-b3d3-07467bdf0f71,"Eric Dolphy",255.99955,0.71584349878,0.453544101693,22,26.0,295.0;24.0;143.0;1166.0;112.0;327.0;129.0;28.0;74.0;181.0;99.0;11.0;583.0;301.0;199.0;53.0;118.0;20.0;331.0;587.0;445.0;43.0;134.0;7.0;285.0;525.0;175.0;95.0;865.0;963.0;569.0;98.0;100.0;479.0;381.0;980.0;0.0;309.0;410.0;5.0;523.0]
[1962,TRBXBJM128F1496469,"Don't You Know",SOPNOHB12A6D4F7D42,"The Complete Stevie Wonder",ARUM60L1187B9A7E1F,1ee18fb3-18a6-4c7f-8ba0-bc41cdd0462e,"Stevie Wonder",201.63873,0.757921011206,0.600265107973,40,4.0,32.0;8.0;129.0;79.0;23.0;1.0;27.0;161.0;196.0;174.0;47.0;43.0;7.0;166.0;124.0;100.0;2.0;81.0;14.0;44.0;220.0;1174.0;296.0;946.0;19.0;50.0;125.0;38.0]
[1962,TROCHAD128F149629F,"Session Number 112",SOFBMOU12A6D4F915E,"The Complete Stevie Wonder",ARUM60L1187B9A7E1F,1ee18fb3-18a6-4c7f-8ba0-bc41cdd0462e,"Stevie Wonder",195.36934,0.757921011206,0.600265107973,51,4.0,32.0;8.0;129.0;79.0;23.0;1.0;27.0;161.0;196.0;174.0;47.0;43.0;7.0;166.0;124.0;100.0;2.0;81.0;14.0;44.0;220.0;1174.0;296.0;946.0;19.0;50.0;125.0;38.0]
[1962,TRMNNQE128F4286FB8,"You Beat Me To The Punch",SOIGAJW12A8C144007,"Make Up_ Break Up",ARHVQU31187B9B7623,43fe7a49-2a63-48f1-871c-12450d21eeb1,"Mary Wells",224.88771,0.643306938389,0.412439692676,1858,4.0,295.0;113.0;52.0;61.0;506.0;24.0;54.0;738.0;28.0;36.0;92.0;31.0;325.0;23.0;248.0;1.0;88.0;90.0;35.0;27.0;64.0;196.0;7.0;390.0;373.0;476.0;460.0;105.0;2.0;13.0;986.0;69.0;0.0;136.0;19.0;377.0;264.0;5.0;38.0]
[1962,TRKTUQM128F428ACA4,"I Get Evil",SOEULZE12A8C13E636,"Hard Bargain",AR80BY41187B98DECF,10f89195-3af1-46f5-aa36-504aa3309f5a,"Albert King",209.24036,0.663400927384,0.389157892113,392,1.0;37.0;0.0;280.0;286.0;2078.0;763.0,113.0;110.0;52.0;8.0;3.0;18.0;24.0;146.0;28.0;85.0;450.0;36.0;30.0;290.0;399.0;23.0;17.0;357.0;1.0;11.0;90.0;35.0;16.0;27.0;20.0;47.0;4.0;9.0;12.0;7.0;39.0;58.0;124.0;373.0;207.0;48.0;105.0;2.0;13.0;69.0;0.0;40.0;19.0;763.0;5.0]
[1962,TRZZQIS128F93284F3,"Samba De Orpheus",SOQZXJC12AB0185134,"Cast Your Fate To The Wind: Jazz Impressions Of Black Orpheus",AROSPS51187B9B481F,744b52c8-509b-4451-abfd-a17d18d4bd1d,"Vince Guaraldi Trio",338.33751,0.736267226578,0.68218656015,1,1.0,113.0;52.0;8.0;18.0;24.0;304.0;74.0;45.0;240.0;36.0;91.0;215.0;181.0;297.0;31.0;17.0;63.0;1.0;16.0;715.0;118.0;94.0;20.0;9.0;43.0;7.0;525.0;211.0;193.0;100.0;2.0;86.0;14.0;184.0;0.0;131.0;19.0;50.0;148.0;5.0]
[1962,TRZFKZM128F932831B,Alma-Ville,SOFLCXQ12A58A79A76,"Jazz Impressions Of Black Orpheus",AROSPS51187B9B481F,744b52c8-509b-4451-abfd-a17d18d4bd1d,"Vince Guaraldi Trio",298.31791,0.736267226578,0.693402077742,24,1.0,113.0;52.0;8.0;18.0;24.0;304.0;74.0;45.0;240.0;36.0;91.0;215.0;181.0;297.0;31.0;17.0;63.0;1.0;16.0;715.0;118.0;94.0;20.0;9.0;43.0;7.0;525.0;211.0;193.0;100.0;2.0;86.0;14.0;184.0;0.0;131.0;19.0;50.0;148.0;5.0]
[1962,TRMPIHG128F93284F8,"Moon River",SOEZOUN12AB0185ED5,"Cast Your Fate To The Wind: Jazz Impressions Of Black Orpheus",AROSPS51187B9B481F,744b52c8-509b-4451-abfd-a17d18d4bd1d,"Vince Guaraldi Trio",318.40608,0.736267226578,0.693402077742,38,1.0,113.0;52.0;8.0;18.0;24.0;304.0;74.0;45.0;240.0;36.0;91.0;215.0;181.0;297.0;31.0;17.0;63.0;1.0;16.0;715.0;118.0;94.0;20.0;9.0;43.0;7.0;525.0;211.0;193.0;100.0;2.0;86.0;14.0;184.0;0.0;131.0;19.0;50.0;148.0;5.0]
[1962,TRPBLIM128F9328317,"O Nosso Amor",SONCXLX12AB0183561,"Jazz Impressions Of Black Orpheus",AROSPS51187B9B481F,744b52c8-509b-4451-abfd-a17d18d4bd1d,"Vince Guaraldi Trio",295.65342,0.736267226578,0.68218656015,198,1.0,113.0;52.0;8.0;18.0;24.0;304.0;74.0;45.0;240.0;36.0;91.0;215.0;181.0;297.0;31.0;17.0;63.0;1.0;16.0;715.0;118.0;94.0;20.0;9.0;43.0;7.0;525.0;211.0;193.0;100.0;2.0;86.0;14.0;184.0;0.0;131.0;19.0;50.0;148.0;5.0]
[1962,TRLWJPS128F424CCDD,"Samba De Orpheus",SOWOZZF12A8C133476,"Greatest Hits",AROSPS51187B9B481F,744b52c8-509b-4451-abfd-a17d18d4bd1d,"Vince Guaraldi Trio",338.46812,0.57810362972,0.68218656015,475,1.0,113.0;52.0;8.0;18.0;24.0;304.0;74.0;45.0;240.0;36.0;91.0;215.0;181.0;297.0;31.0;17.0;63.0;1.0;16.0;715.0;118.0;94.0;20.0;9.0;43.0;7.0;525.0;211.0;193.0;100.0;2.0;86.0;14.0;184.0;0.0;131.0;19.0;50.0;148.0;5.0]
[1962,TROYZXI128F93284F6,Generique,SOSGTUN12AF72AB6CB,"Cast Your Fate To The Wind: Jazz Impressions Of Black Orpheus",AROSPS51187B9B481F,744b52c8-509b-4451-abfd-a17d18d4bd1d,"Vince Guaraldi Trio",284.96934,0.736267226578,0.693402077742,13,1.0,113.0;52.0;8.0;18.0;24.0;304.0;74.0;45.0;240.0;36.0;91.0;215.0;181.0;297.0;31.0;17.0;63.0;1.0;16.0;715.0;118.0;94.0;20.0;9.0;43.0;7.0;525.0;211.0;193.0;100.0;2.0;86.0;14.0;184.0;0.0;131.0;19.0;50.0;148.0;5.0]
[1962,TRUTHHC128F1457F11,"Blue Suede Shoes",SOUKVTH12A6D4F7C2E,"Singin' To My Baby/ Never To Be Forgotten",ARWXJ4H1187B9B75A0,17995d1c-5b3c-4ee9-98f5-105ee3b4ada1,"Eddie Cochran",109.42649,0.64206894233,0.438364956865,695,0.0;11.0;5.0;127.0,8.0;3.0;24.0;54.0;28.0;85.0;121.0;36.0;92.0;23.0;248.0;17.0;10.0;1.0;88.0;35.0;16.0;41.0;27.0;101.0;185.0;130.0;42.0;4.0;6.0;12.0;132.0;7.0;48.0;460.0;105.0;2.0;89.0;13.0;86.0;305.0;14.0;69.0;34.0;0.0;137.0;141.0;40.0;1144.0;65.0;19.0;145.0;50.0;22.0]
[1962,TRLDIQZ128F42347AB,"O Little Town Of Bethlehem",SOCWZEL12A58A7CD94,"The 25th Day Of December",ARFJYTP1187FB52326,3d49e36a-cc9e-411e-93c6-d1646ba5bd3a,"The Staple Singers",124.83873,0.629569672714,0.48449179603,1,4.0,18.0;54.0;28.0;85.0;33.0;36.0;30.0;92.0;399.0;23.0;17.0;46.0;63.0;357.0;10.0;1.0;35.0;16.0;41.0;27.0;101.0;196.0;42.0;4.0;12.0;7.0;139.0;373.0;207.0;105.0;2.0;13.0;57.0;69.0;34.0;0.0;137.0;202.0;258.0;40.0;65.0;19.0;145.0;50.0;896.0;56.0;26.0]
[1962,TRPRRGW128F4265567,Venus,SOBXSDU12A8C138E7C,"Walk Don't Run 2000",AR1G3G71187B98FE83,b2cc8903-0077-4bef-8454-ac5cef53d126,"The Ventures",194.76853,0.72660393805,0.389484372459,35,1.0,113.0;74.0;79.0;30.0;16.0;197.0;47.0;43.0;369.0;2.0;62.0;0.0;65.0;50.0;264.0;5.0;38.0]
[1962,TROQIIG128F145B082,"Road Runner",SOEZTXF12A6D4F8A4A,"Walk Don't Run - The Best Of The Ventures",AR1G3G71187B98FE83,b2cc8903-0077-4bef-8454-ac5cef53d126,"The Ventures",150.36036,0.72660393805,0.389484372459,5,1.0,113.0;74.0;79.0;30.0;16.0;197.0;47.0;43.0;369.0;2.0;62.0;0.0;65.0;50.0;264.0;5.0;38.0]
[1962,TRGYYAI128F42AD908,"The Crowd",SOFYMCY12A8C13E676,"The Essential Roy Orbison",ARFSZXM1187FB5A941,0bbbc496-c7b5-4b3f-bb6d-bd312827d6e5,"Roy Orbison",141.73995,0.798486869725,0.53671499529,65,1.0;0.0;11.0;5.0,113.0;110.0;52.0;32.0;149.0;79.0;30.0;47.0;9.0;12.0;37.0;2.0;13.0;0.0;141.0;220.0;210.0;50.0;38.0]
[1962,TRGQIYZ128F4263130,"These Arms Of Mine",SOATHZV12A58A788DA,"Love Songs",ARAPFN61187B990019,82b1f5fd-cd31-41a9-b5d4-7e33f0eb9751,"Otis Redding",151.61424,0.705990592883,0.53979605024,1166,1.0;2018.0;62.0;40.0;1474.0,113.0;32.0;54.0;129.0;28.0;79.0;36.0;135.0;161.0;196.0;174.0;394.0;47.0;2.0;0.0;119.0;296.0;19.0;377.0;401.0;38.0;293.0;1462.0]
[1962,TRWGXBH128F4255883,"Samba Da Minha Terra",SOOYPID12A8C136A87,"Getz/Gilberto #2",AR3THYK1187B999F1F,286ec4c2-b5ca-4f85-b331-280a6d73dd14,"João Gilberto",188.3424,0.699697381965,0.458738221226,21,134.0;1867.0;217.0,295.0;113.0;32.0;18.0;78.0;214.0;315.0;304.0;833.0;63.0;1317.0;47.0;12.0;43.0;7.0;39.0;175.0;93.0;58.0;124.0;184.0;0.0;274.0;258.0;136.0;40.0;217.0;131.0;19.0;423.0;38.0;337.0;358.0;165.0]
[1962,TRMGKRH128F14A2FB8,"Samba Da Minha Terra",SOFPBWM12A6D4FB58D,"Getz/Gilberto No. 2",AR3THYK1187B999F1F,286ec4c2-b5ca-4f85-b331-280a6d73dd14,"João Gilberto",188.83873,0.645192338747,0.471224329919,377,134.0;1867.0;217.0,295.0;113.0;32.0;18.0;78.0;214.0;315.0;304.0;833.0;63.0;1317.0;47.0;12.0;43.0;7.0;39.0;175.0;93.0;58.0;124.0;184.0;0.0;274.0;258.0;136.0;40.0;217.0;131.0;19.0;423.0;38.0;337.0;358.0;165.0]
[1962,TREDTRG128F1499D8A,"Bolinha De Papel",SODVWOV12A6D4FB6D2,"Live In Tokyo",AR3THYK1187B999F1F,286ec4c2-b5ca-4f85-b331-280a6d73dd14,"João Gilberto",249.25995,0.645192338747,0.471224329919,17815,134.0;1867.0;217.0,295.0;113.0;32.0;18.0;78.0;214.0;315.0;304.0;833.0;63.0;1317.0;47.0;12.0;43.0;7.0;39.0;175.0;93.0;58.0;124.0;184.0;0.0;274.0;258.0;136.0;40.0;217.0;131.0;19.0;423.0;38.0;337.0;358.0;165.0]
[1962,TRYEFQT128E078CEC0,"Your Mind Is On Vacation (LP Version)",SOVJHGS12A6701FAC9,"I Don't Worry About A Thing",ARYD3GD1187FB38B08,18b76828-4b12-44c1-b8d9-ae82b22557a0,"Mose Allison",157.36118,0.576484550296,0.406765930483,129,37.0;22.0,18.0;24.0;327.0;28.0;85.0;214.0;36.0;297.0;92.0;449.0;63.0;733.0;27.0;101.0;20.0;331.0;7.0;880.0;525.0;404.0;39.0;175.0;166.0;58.0;124.0;390.0;98.0;105.0;100.0;497.0;900.0;13.0;381.0;0.0;141.0;131.0;145.0;393.0;148.0;5.0;38.0;337.0]
[1962,TRZVGBD12903CD74A8,"Hey! Baby",SOWDUOC12A8C133CCF,"The Best Ever Rock & Roll Revival",AR5IPD21187FB5CCC6,6304c5c2-be9f-4357-9e60-8c204479aec9,"Bruce Channel",138.70975,0.547170597504,0.445911810343,2392,1.0,126.0;54.0;738.0;28.0;85.0;339.0;403.0;116.0;36.0;92.0;23.0;248.0;46.0;63.0;1.0;16.0;41.0;199.0;27.0;101.0;331.0;42.0;7.0;139.0;378.0;914.0;373.0;48.0;105.0;2.0;13.0;87.0;14.0;34.0;0.0;137.0;298.0;141.0;202.0;274.0;258.0;83.0;1144.0;131.0;65.0;19.0;50.0;387.0;38.0]
[1962,TRUHWXE128F92CF002,"Baby It's You",SOQEIRB12A8C1406BE,"Magic Moments - The Definitive Burt Bacharach Collection",ARALP6I1187B989E27,a8540ea0-1a74-4c22-8b70-1348a77a74a0,"The Shirelles",161.88036,0.662298709656,0.379137555625,208,1.0;11.0;52.0;62.0,113.0;506.0;24.0;54.0;28.0;85.0;1162.0;116.0;36.0;30.0;92.0;23.0;248.0;63.0;1.0;21.0;90.0;35.0;16.0;27.0;64.0;185.0;4.0;7.0;93.0;124.0;373.0;105.0;2.0;13.0;87.0;69.0;0.0;137.0;141.0;40.0;65.0;19.0;50.0;264.0;25.0;5.0;38.0;26.0]
[1962,TRZNDJB128E079428F,"I'll Try Something New",SORKAMK12A6701EBA6,Gold,ARWAYHU1187B9A36E5,6a4c2d34-7f7f-4f87-b17f-b5540aa840db,"The Miracles",157.33506,0.616419366422,0.426205343939,5,0.0,113.0;52.0;24.0;54.0;738.0;128.0;28.0;85.0;116.0;36.0;690.0;92.0;23.0;248.0;17.0;63.0;1.0;88.0;11.0;41.0;27.0;64.0;20.0;196.0;6.0;7.0;285.0;175.0;58.0;373.0;460.0;105.0;2.0;13.0;87.0;69.0;34.0;0.0;65.0;19.0;145.0;50.0;401.0;5.0;125.0;38.0]
[1962,TRXUHPL12903CCC2A1,"You've Really Got a Hold On Me",SODDATY12AB018A637,"Greatest Hits",ARWAYHU1187B9A36E5,6a4c2d34-7f7f-4f87-b17f-b5540aa840db,"The Miracles Greatest Hits",189.3873,0.61842065585,0.426205343939,6,0.0,113.0;52.0;24.0;54.0;738.0;128.0;28.0;85.0;116.0;36.0;690.0;92.0;23.0;248.0;17.0;63.0;1.0;88.0;11.0;41.0;27.0;64.0;20.0;196.0;6.0;7.0;285.0;175.0;58.0;373.0;460.0;105.0;2.0;13.0;87.0;69.0;34.0;0.0;65.0;19.0;145.0;50.0;401.0;5.0;125.0;38.0]
[1962,TRIXKBL128F4232ABC,"Rolling And Rolling",SOJJILV12A8AE47605,"Lightnin' Strikes",ARIGKCK1187FB5C99B,d5c55b61-78b8-40c9-be1b-de7517c3aebb,"Lightnin' Hopkins",180.94975,0.709198454661,0.45577485357,2,1.0;37.0,113.0;110.0;32.0;189.0;24.0;146.0;78.0;28.0;85.0;450.0;79.0;677.0;36.0;30.0;290.0;399.0;1196.0;357.0;158.0;16.0;53.0;27.0;20.0;196.0;47.0;664.0;12.0;97.0;7.0;1977.0;596.0;166.0;58.0;193.0;105.0;0.0;137.0;141.0;40.0;19.0;227.0;578.0;5.0;38.0;26.0]
[1962,TRVQMKL128F4289505,"Big Girls Don't Cry",SOTLOKX12A8C1390C2,"Jersey Boys Original Broadway Cast Recording",ARJ7D2E1187FB55998,3f64d38c-1ad4-4fb0-941e-7f4b51d4c9e6,"The Four Seasons",137.74322,0.300595989785,0.462477440276,2426,0.0,295.0;113.0;110.0;481.0;3.0;1092.0;24.0;28.0;36.0;690.0;23.0;248.0;228.0;285.0;58.0;211.0;373.0;519.0;460.0;105.0;2.0;2672.0;13.0;69.0;0.0;137.0;217.0;300.0;65.0;19.0;671.0]
[1962,TRCFFEG128F93187A7,"Sun Arise",SOSJZRQ12A8AE48033,"Summer Holiday",ARGRHGG1187B9AFBB7,a56dfbb1-a51d-46c3-a0bd-c60dcad1f27c,"Rolf Harris",143.46404,0.58145429708,0.407058593251,90,49.0,3.0;54.0;265.0;28.0;85.0;121.0;279.0;36.0;191.0;30.0;92.0;248.0;154.0;17.0;63.0;1.0;73.0;16.0;41.0;27.0;130.0;42.0;82.0;60.0;12.0;7.0;48.0;201.0;105.0;363.0;312.0;2.0;13.0;86.0;246.0;179.0;67.0;87.0;14.0;0.0;40.0;779.0;242.0;306.0;188.0;15.0;117.0;22.0;26.0]
[1962,TROAHKZ12903D056FA,"Someone's Pinched My Winkles",SOZZWDP12AC468B82D,Ideal,ARGRHGG1187B9AFBB7,a56dfbb1-a51d-46c3-a0bd-c60dcad1f27c,"Rolf Harris",183.17016,0.58145429708,0.407058593251,10,49.0,3.0;54.0;265.0;28.0;85.0;121.0;279.0;36.0;191.0;30.0;92.0;248.0;154.0;17.0;63.0;1.0;73.0;16.0;41.0;27.0;130.0;42.0;82.0;60.0;12.0;7.0;48.0;201.0;105.0;363.0;312.0;2.0;13.0;86.0;246.0;179.0;67.0;87.0;14.0;0.0;40.0;779.0;242.0;306.0;188.0;15.0;117.0;22.0;26.0]
[1962,TRJUNOM128F42847B5,"That's Someone You Never Forget",SOHRJPO12A8C139057,"Elvis Presley Love Songs",ARULZ741187B9AD2EF,01809552-4f87-45b0-afff-2c6f0730a3be,"Elvis Presley",168.59383,0.784704224711,0.623782610977,26,1.0;37.0;0.0;32.0;176.0;1680.0;5.0;127.0;253.0;79.0,113.0;32.0;54.0;149.0;28.0;79.0;36.0;30.0;135.0;196.0;47.0;7.0;166.0;100.0;2.0;13.0;0.0;141.0;210.0;119.0;217.0;233.0;19.0;50.0;38.0]
[1962,TRTOWLW128F1477E23,"Comin' Home Baby  (LP Version)",SOYJFFY12A6D4F933A,"Green Onions",AR5GPWY1187FB52289,377015fb-c02f-4b05-960b-e0df6a7ea99e,"Booker T. & The MG's",192.20853,0.72401979376,0.477871394385,164,4.0,322.0;28.0;85.0;661.0;214.0;811.0;339.0;403.0;36.0;92.0;51.0;23.0;248.0;17.0;1.0;41.0;27.0;101.0;331.0;42.0;4.0;12.0;369.0;7.0;139.0;307.0;1547.0;373.0;207.0;460.0;105.0;2.0;13.0;67.0;87.0;69.0;34.0;0.0;137.0;298.0;459.0;258.0;40.0;19.0;145.0;50.0;401.0;49.0;56.0]
[1962,TRCGRLC128F1477E1F,"Lonely Avenue (LP Version)",SOICOQP12A6D4F9336,"Green Onions",AR5GPWY1187FB52289,377015fb-c02f-4b05-960b-e0df6a7ea99e,"Booker T. & The MG's",210.07628,0.72401979376,0.477871394385,145,4.0,322.0;28.0;85.0;661.0;214.0;811.0;339.0;403.0;36.0;92.0;51.0;23.0;248.0;17.0;1.0;41.0;27.0;101.0;331.0;42.0;4.0;12.0;369.0;7.0;139.0;307.0;1547.0;373.0;207.0;460.0;105.0;2.0;13.0;67.0;87.0;69.0;34.0;0.0;137.0;298.0;459.0;258.0;40.0;19.0;145.0;50.0;401.0;49.0;56.0]
[1962,TRJYQKI128F1477E1E,"Stranger On The Shore (LP Version)",SOAPMUJ12A6D4F9335,"Green Onions",AR5GPWY1187FB52289,377015fb-c02f-4b05-960b-e0df6a7ea99e,"Booker T. & The MG's",142.65424,0.72401979376,0.477871394385,148,4.0,322.0;28.0;85.0;661.0;214.0;811.0;339.0;403.0;36.0;92.0;51.0;23.0;248.0;17.0;1.0;41.0;27.0;101.0;331.0;42.0;4.0;12.0;369.0;7.0;139.0;307.0;1547.0;373.0;207.0;460.0;105.0;2.0;13.0;67.0;87.0;69.0;34.0;0.0;137.0;298.0;459.0;258.0;40.0;19.0;145.0;50.0;401.0;49.0;56.0]
[1962,TRTVCPH128F1477E21,"You Can't Sit Down (LP Version)",SOUMWOC12A6D4F9338,"Green Onions",AR5GPWY1187FB52289,377015fb-c02f-4b05-960b-e0df6a7ea99e,"Booker T. & The MG's",171.25832,0.72401979376,0.477871394385,161,4.0,322.0;28.0;85.0;661.0;214.0;811.0;339.0;403.0;36.0;92.0;51.0;23.0;248.0;17.0;1.0;41.0;27.0;101.0;331.0;42.0;4.0;12.0;369.0;7.0;139.0;307.0;1547.0;373.0;207.0;460.0;105.0;2.0;13.0;67.0;87.0;69.0;34.0;0.0;137.0;298.0;459.0;258.0;40.0;19.0;145.0;50.0;401.0;49.0;56.0]
[1962,TRMKEXR128F1477E22,"A Woman_ A Lover_ A Friend (LP Version)",SOYRRCY12A6D4F9339,"Green Onions",AR5GPWY1187FB52289,377015fb-c02f-4b05-960b-e0df6a7ea99e,"Booker T. & The MG's",153.41669,0.72401979376,0.477871394385,166,4.0,322.0;28.0;85.0;661.0;214.0;811.0;339.0;403.0;36.0;92.0;51.0;23.0;248.0;17.0;1.0;41.0;27.0;101.0;331.0;42.0;4.0;12.0;369.0;7.0;139.0;307.0;1547.0;373.0;207.0;460.0;105.0;2.0;13.0;67.0;87.0;69.0;34.0;0.0;137.0;298.0;459.0;258.0;40.0;19.0;145.0;50.0;401.0;49.0;56.0]
[1962,TRBNZCU128F428D7BB,"There's Always Me",SORPZHQ12A8C1392AC,"Talkin' To Your Hear/A Touch of Velvet",ARZVTZN1187FB579D4,2c05faf7-5cc8-4476-9daa-d177ad75cd34,"Jim Reeves",145.29261,0.624252499331,0.459351094483,96,0.0,295.0;113.0;189.0;24.0;146.0;54.0;78.0;28.0;79.0;493.0;30.0;860.0;461.0;63.0;16.0;196.0;43.0;352.0;7.0;166.0;58.0;1700.0;105.0;2.0;40.0;19.0;227.0;430.0;5.0;38.0]
[1962,TROIAIW128F428D7C4,"I'm A Fool To Care",SOUKIVH12A8C1392CF,"Talkin' To Your Hear/A Touch of Velvet",ARZVTZN1187FB579D4,2c05faf7-5cc8-4476-9daa-d177ad75cd34,"Jim Reeves",152.37179,0.624252499331,0.462190104591,39,0.0,295.0;113.0;189.0;24.0;146.0;54.0;78.0;28.0;79.0;493.0;30.0;860.0;461.0;63.0;16.0;196.0;43.0;352.0;7.0;166.0;58.0;1700.0;105.0;2.0;40.0;19.0;227.0;430.0;5.0;38.0]
[1962,TRTUSGY128E078977D,Lonesome,SOLGIPU12A58A7A289,"The Very Best Of Adam Faith",AR7DO6G1187FB41056,e3cd1a30-7c61-49b0-bbdd-39425200334b,"Adam Faith",163.42159,0.545548275915,0.5322732257,53,239.0;109.0;3.0;6.0;131.0;5.0;141.0;2.0,113.0;821.0;1605.0;729.0;54.0;245.0;28.0;85.0;573.0;571.0;116.0;36.0;30.0;92.0;23.0;248.0;17.0;63.0;1.0;164.0;158.0;16.0;41.0;7.0;198.0;58.0;500.0;330.0;105.0;2.0;13.0;0.0;137.0;141.0;254.0;65.0;233.0;19.0;148.0;25.0;5.0;38.0;26.0]
[1962,TRJXVSV128F14945AE,"(I Love You) For Sentimental Reasons (1998 Digital Remaster)",SONVELD12A6D4F9C86,"Cha Cha De Amor",ARIFGKC1187B9B04D5,5e6c760b-42e0-4df4-a221-0269355da00a,"Dean Martin",142.05342,0.708436678094,0.623970265514,5,1.0;233.0;0.0;11.0,78.0;79.0;930.0;90.0;171.0;93.0;166.0;58.0;124.0;317.0;2.0;220.0;119.0;217.0;617.0;38.0]
[1962,TRPGUZP128F14945A9,"Love (Your Spell Is Everywhere) (Digitally Remastered 98)",SOCZFHS12A6D4F9C82,"Cha Cha De Amor",ARIFGKC1187B9B04D5,5e6c760b-42e0-4df4-a221-0269355da00a,"Dean Martin",146.02404,0.708436678094,0.643240355949,7,1.0;233.0;0.0;11.0,78.0;79.0;930.0;90.0;171.0;93.0;166.0;58.0;124.0;317.0;2.0;220.0;119.0;217.0;617.0;38.0]
[1962,TRYIILA128F4281F96,"I'm Looking For A Woman",SOVDTXK12A8C137135,"His Best",AR27AEB1187B98D39D,bf659d74-0b61-488c-8a7d-594f43bed9e0,"Bo Diddley",151.84934,0.666186772457,0.461696963365,25,1.0;37.0;5.0;4.0;127.0,295.0;113.0;110.0;8.0;24.0;146.0;28.0;85.0;107.0;237.0;450.0;79.0;36.0;248.0;72.0;357.0;1170.0;1.0;11.0;53.0;27.0;118.0;47.0;448.0;664.0;97.0;7.0;653.0;58.0;98.0;193.0;105.0;2.0;13.0;62.0;69.0;0.0;137.0;141.0;210.0;40.0;19.0;5.0]
[1962,TRETGPZ12903C9E179,"I'm Looking for a Woman",SOOHEYK12AB01825B8,"We Sing the Blues Vol. 2",AR27AEB1187B98D39D,bf659d74-0b61-488c-8a7d-594f43bed9e0,"Bo Diddley",150.15138,0.666186772457,0.461696963365,1,1.0;37.0;5.0;4.0;127.0,295.0;113.0;110.0;8.0;24.0;146.0;28.0;85.0;107.0;237.0;450.0;79.0;36.0;248.0;72.0;357.0;1170.0;1.0;11.0;53.0;27.0;118.0;47.0;448.0;664.0;97.0;7.0;653.0;58.0;98.0;193.0;105.0;2.0;13.0;62.0;69.0;0.0;137.0;141.0;210.0;40.0;19.0;5.0]
[1962,TRYNHSE12903CBF477,"Cast Your Fate To The Wind",SOZJDPC12AB0184735,"Total 60s",AR7WSQE1187FB55CEE,db6899d8-c55f-4d79-9d0b-a6fe3a83792a,"Sounds Orchestral",192.36526,0.485147499169,0.0,192,0.0,113.0;102.0;3.0;18.0;54.0;78.0;245.0;33.0;152.0;116.0;36.0;91.0;262.0;297.0;92.0;51.0;17.0;72.0;63.0;10.0;1.0;90.0;41.0;27.0;277.0;196.0;394.0;4.0;222.0;12.0;43.0;837.0;7.0;139.0;93.0;207.0;105.0;219.0;100.0;2.0;13.0;34.0;0.0;40.0;65.0;19.0;38.0]
[1962,TROBYEW128F148512A,"Summertime Blues",SOKWDVK12A6D4F7A00,"Greatest Surfing Songs (USA Only)",AR2DGPY1187FB4CECF,ebfc1398-8d96-47e3-82c3-f782abcdb13d,"The Beach Boys",130.82077,0.784636534713,0.558119759822,174,1.0;39.0;0.0;11.0;95.0;5.0;127.0;342.0;523.0;12.0,113.0;110.0;8.0;3.0;78.0;79.0;36.0;30.0;314.0;47.0;784.0;846.0;1324.0;43.0;105.0;2.0;62.0;636.0;0.0;19.0;50.0;264.0;38.0]
[1962,TRQJCLL128F424BA69,"I Can Tell",SOKANLP12A6D4F824A,"The Very Best Of Johnny Kidd & The Pirates",ARS8QU51187FB4310A,28dc7c32-8c77-43c8-8156-5c92bba8ae87,"Johnny Kidd & The Pirates",151.53587,0.565993938979,0.380338595221,1,3.0;6.0;2.0,113.0;3.0;149.0;128.0;28.0;75.0;855.0;573.0;36.0;30.0;23.0;248.0;17.0;1.0;88.0;11.0;16.0;41.0;101.0;277.0;324.0;42.0;4.0;6.0;12.0;7.0;58.0;37.0;48.0;105.0;2.0;13.0;103.0;62.0;14.0;34.0;0.0;137.0;141.0;217.0;65.0;19.0;145.0;38.0;26.0]
[1962,TRVRRRH128F424BA6C,"A Shot Of Rhythm And Blues",SOIMRWI12A6D4F823D,"The Very Best Of Johnny Kidd & The Pirates",ARS8QU51187FB4310A,28dc7c32-8c77-43c8-8156-5c92bba8ae87,"Johnny Kidd & The Pirates",119.77098,0.565993938979,0.380338595221,97,3.0;6.0;2.0,113.0;3.0;149.0;128.0;28.0;75.0;855.0;573.0;36.0;30.0;23.0;248.0;17.0;1.0;88.0;11.0;16.0;41.0;101.0;277.0;324.0;42.0;4.0;6.0;12.0;7.0;58.0;37.0;48.0;105.0;2.0;13.0;103.0;62.0;14.0;34.0;0.0;137.0;141.0;217.0;65.0;19.0;145.0;38.0;26.0]
[1962,TRSJNLY128F4283D79,"I'm Wandering",SOZWTHO12A8C139004,"The Tender_ The Moving_ The Swinging / Soft & Beautiful",AR7BGWD1187FB59CCB,2f9ecbed-27be-40e6-abca-6de49d50299e,"Aretha Franklin",205.19138,0.70279771426,0.569861220982,12,1.0;176.0;22.0;11.0;52.0;5.0;62.0;40.0,78.0;28.0;79.0;23.0;90.0;196.0;174.0;1112.0;562.0;100.0;2.0;0.0;19.0;1255.0;377.0;401.0;5.0;38.0;293.0]
[1962,TRYPUNX128F4267A1B,"Ac-cent-tchu-ate the Positive",SOTCCEI12A8C13527D,"Sweet Bitter Love",AR7BGWD1187FB59CCB,2f9ecbed-27be-40e6-abca-6de49d50299e,"Aretha Franklin",138.97098,0.70279771426,0.569861220982,8,1.0;176.0;22.0;11.0;52.0;5.0;62.0;40.0,78.0;28.0;79.0;23.0;90.0;196.0;174.0;1112.0;562.0;100.0;2.0;0.0;19.0;1255.0;377.0;401.0;5.0;38.0;293.0]
[1962,TRNRKRS128F42640AE,"Mr. Lonely",SOFCMKS12A8C133150,"Bobby Vinton's Greatest Hits",ARVTPMZ1187FB44AEB,f37f26ea-6a9a-49b8-9614-bdad762f1ba6,"Bobby Vinton",162.69016,0.614827483297,0.389241893879,33,0.0,295.0;113.0;110.0;52.0;61.0;8.0;18.0;24.0;54.0;75.0;74.0;240.0;79.0;36.0;91.0;63.0;16.0;213.0;7.0;93.0;166.0;58.0;124.0;373.0;105.0;2.0;355.0;0.0;137.0;141.0;220.0;65.0;19.0;50.0;148.0;617.0;5.0;38.0;337.0;671.0]
[1962,TRTIGVQ12903D03BA4,"Roses Are Red (My Love)",SOIBOPW12A8C133158,"Essential - Easy Listening",ARVTPMZ1187FB44AEB,f37f26ea-6a9a-49b8-9614-bdad762f1ba6,"Bobby Vinton",157.77914,0.614827483297,0.389241893879,807,0.0,295.0;113.0;110.0;52.0;61.0;8.0;18.0;24.0;54.0;75.0;74.0;240.0;79.0;36.0;91.0;63.0;16.0;213.0;7.0;93.0;166.0;58.0;124.0;373.0;105.0;2.0;355.0;0.0;137.0;141.0;220.0;65.0;19.0;50.0;148.0;617.0;5.0;38.0;337.0;671.0]
[1962,TRJWORY128F92D064B,"Smokestack Lightnin'",SOVMEPK12A8C141C37,"Chess Blues",ARUGAPO1187B9B21DB,ca5b38c2-f39d-45a4-ad3d-daf4448846ef,"Howlin' Wolf",192.44363,0.753313690782,0.469870759703,40,37.0;0.0,113.0;110.0;32.0;308.0;24.0;54.0;28.0;85.0;855.0;450.0;79.0;36.0;290.0;399.0;357.0;1170.0;41.0;27.0;101.0;20.0;47.0;42.0;664.0;97.0;7.0;1977.0;596.0;58.0;1684.0;105.0;2.0;81.0;67.0;14.0;69.0;34.0;0.0;141.0;40.0;19.0;242.0;5.0;26.0]
[1962,TRNVXUA12903CCC46B,"I'm Leavin' You",SOKRVVT12A6D4F6A41,Evil,ARUGAPO1187B9B21DB,ca5b38c2-f39d-45a4-ad3d-daf4448846ef,"Howlin' Wolf",178.52036,0.75331367098,0.469870759703,431,37.0;0.0,113.0;110.0;32.0;308.0;24.0;54.0;28.0;85.0;855.0;450.0;79.0;36.0;290.0;399.0;357.0;1170.0;41.0;27.0;101.0;20.0;47.0;42.0;664.0;97.0;7.0;1977.0;596.0;58.0;1684.0;105.0;2.0;81.0;67.0;14.0;69.0;34.0;0.0;141.0;40.0;19.0;242.0;5.0;26.0]
[1962,TRWXUDS12903CCC45A,"Crying At Daybreak",SOTJXMB12AB01898F1,Evil,ARUGAPO1187B9B21DB,ca5b38c2-f39d-45a4-ad3d-daf4448846ef,"Howlin' Wolf",234.81424,0.574300068277,0.469870759703,5,37.0;0.0,113.0;110.0;32.0;308.0;24.0;54.0;28.0;85.0;855.0;450.0;79.0;36.0;290.0;399.0;357.0;1170.0;41.0;27.0;101.0;20.0;47.0;42.0;664.0;97.0;7.0;1977.0;596.0;58.0;1684.0;105.0;2.0;81.0;67.0;14.0;69.0;34.0;0.0;141.0;40.0;19.0;242.0;5.0;26.0]
[1962,TRXPBNE128F1461738,"You'll Never Walk Alone",SOMGLKP12A58A7B095,"Sings The Movies",ARQWIVH1187B9B0101,05ec70a5-3858-4346-a649-fda0a297b8c1,"Shirley Bassey",142.28853,0.707486539218,0.481072737271,23,233.0;3.0;378.0;63.0;11.0;2.0;450.0;117.0,102.0;3.0;54.0;128.0;28.0;85.0;214.0;152.0;116.0;36.0;297.0;92.0;51.0;23.0;17.0;46.0;63.0;10.0;1.0;88.0;27.0;94.0;185.0;4.0;6.0;12.0;132.0;7.0;139.0;175.0;93.0;280.0;48.0;105.0;2.0;13.0;70.0;34.0;0.0;131.0;65.0;19.0;145.0;50.0;49.0;15.0;22.0;56.0;38.0]
[1962,TRQSWYB128E078D395,"Blues To Bechet (LP Version)",SOXGYIE12A6701DE13,"Coltrane Plays The Blues",ARIOZCU1187FB3A3DC,b625448e-bf4a-41c3-a421-72ad46cdb831,"JOHN COLTRANE",346.43546,0.796357078697,0.487700539415,482,1.0;39.0;338.0;242.0;425.0;255.0;22.0;26.0;498.0;316.0;12.0,295.0;113.0;112.0;78.0;327.0;129.0;28.0;1397.0;79.0;215.0;11.0;583.0;271.0;199.0;174.0;331.0;445.0;1324.0;43.0;7.0;127.0;562.0;100.0;381.0;396.0;442.0;0.0;309.0;19.0;284.0;410.0;5.0]
[1962,TRRLJJH12903CDF0F8,"Lonely Street",SOTIYDA12AB0187E78,"The First Lady Of Country",ARA7YDA1187B9A5776,ad82dd72-0df3-4a09-8d7a-1af9c9e80522,"Patsy Cline",149.36771,0.656728903248,0.468511466476,129,1.0;32.0;845.0;1330.0;11.0;5.0;4.0;492.0,113.0;189.0;3.0;24.0;146.0;54.0;265.0;28.0;85.0;493.0;36.0;30.0;290.0;92.0;2450.0;46.0;63.0;1.0;90.0;35.0;16.0;27.0;42.0;4.0;463.0;7.0;139.0;1700.0;472.0;105.0;2.0;13.0;44.0;34.0;0.0;141.0;40.0;83.0;65.0;19.0;145.0;50.0;5.0;38.0;702.0;26.0]
[1962,TRPEILY12903CBD670,Strange,SODWVDZ12A8C14209A,"Sweet Dreams: Her Complete Decca Masters (1960-1963)",ARA7YDA1187B9A5776,ad82dd72-0df3-4a09-8d7a-1af9c9e80522,"Patsy Cline / The Jordanaires",131.082,0.656728903248,0.468511466476,2747,1.0;32.0;845.0;1330.0;11.0;5.0;4.0;492.0,113.0;189.0;3.0;24.0;146.0;54.0;265.0;28.0;85.0;493.0;36.0;30.0;290.0;92.0;2450.0;46.0;63.0;1.0;90.0;35.0;16.0;27.0;42.0;4.0;463.0;7.0;139.0;1700.0;472.0;105.0;2.0;13.0;44.0;34.0;0.0;141.0;40.0;83.0;65.0;19.0;145.0;50.0;5.0;38.0;702.0;26.0]
[1962,TRXAKVQ128F4294ADD,"You Do Something To Me",SOMHOZF12A8C13862A,"The Bridge",AR6Q4T91187B995616,3b47247e-5b57-49b6-a0ed-bad80243802a,"Sonny Rollins",408.63302,0.742098566521,0.427419670574,644,1.0;22.0,113.0;110.0;52.0;8.0;24.0;143.0;327.0;28.0;403.0;79.0;91.0;215.0;297.0;23.0;99.0;301.0;199.0;53.0;27.0;118.0;20.0;331.0;9.0;43.0;7.0;139.0;285.0;39.0;175.0;166.0;111.0;100.0;381.0;0.0;309.0;136.0;131.0;19.0;148.0;5.0;358.0]
[1962,TRVFEUF128F4224703,"You Threw A Lucky Punch",SOGBZAO12A6D4F9901,"The Duke Of Earl",ARYBUAO1187FB3F4EB,89ac1a98-98f0-473c-96ef-e6f7cb0944ae,"Gene Chandler",155.8722,0.570016702885,0.393762698987,23,0.0,113.0;110.0;52.0;24.0;738.0;28.0;1239.0;237.0;1073.0;79.0;23.0;248.0;35.0;27.0;196.0;394.0;294.0;166.0;58.0;373.0;460.0;105.0;2.0;986.0;69.0;0.0;40.0;19.0;1265.0;5.0;2724.0;38.0;395.0]
[1962,TRCACXH128F92FE941,Rainbow,SOZYSIU12AB0180A0F,"Spotlight On Gene Chandler",ARYBUAO1187FB3F4EB,89ac1a98-98f0-473c-96ef-e6f7cb0944ae,"Gene Chandler",360.04526,0.570016702885,0.393762698987,150,0.0,113.0;110.0;52.0;24.0;738.0;28.0;1239.0;237.0;1073.0;79.0;23.0;248.0;35.0;27.0;196.0;394.0;294.0;166.0;58.0;373.0;460.0;105.0;2.0;986.0;69.0;0.0;40.0;19.0;1265.0;5.0;2724.0;38.0;395.0]
[1962,TROVIVK128F92FB306,"Ate Amanha",SOSCHQK12AB0181718,"In Concert_ Part I",AR60ODO1187FB4D9AB,92d37892-6186-4459-9cc1-f0dde57652d0,"Joan Baez",150.69995,0.732261286176,0.455289243597,16,272.0;1.0;349.0;32.0;8.0;176.0;11.0;5.0;488.0;152.0,113.0;110.0;52.0;32.0;8.0;3.0;24.0;54.0;78.0;28.0;85.0;116.0;36.0;584.0;30.0;92.0;1.0;11.0;90.0;35.0;16.0;41.0;341.0;53.0;20.0;47.0;203.0;6.0;9.0;7.0;105.0;190.0;2.0;13.0;62.0;0.0;40.0;65.0;19.0;50.0;49.0;15.0;570.0;5.0;38.0;26.0]
[1962,TRIMDNF128F428FC4E,"Fixin' To Die",SOMSGLA12A8C137C77,"Bob Dylan",AR5FP401187FB523C9,72c536dc-7137-4477-a521-567eeb840fa8,"Bob Dylan",139.83302,0.675384811998,0.633339908702,78,2095.0;2251.0;865.0;680.0;806.0;826.0;1.0;37.0;0.0;32.0;8.0;99.0;1326.0;5.0;1094.0;1217.0,110.0;61.0;32.0;481.0;8.0;54.0;78.0;28.0;85.0;79.0;36.0;30.0;290.0;135.0;16.0;41.0;213.0;47.0;43.0;7.0;253.0;317.0;100.0;371.0;190.0;2.0;62.0;0.0;141.0;119.0;40.0;233.0;19.0;50.0;243.0;410.0;38.0]
[1962,TRCBXGX128F93086F9,"Happy Trumpeter",SOKFEVR12AB01872B2,"Two In One - A Singin' Safari/Safari Swings Again",ARQQP3Z1187FB5707B,9d0828bc-702d-4c89-b66f-4954958b8e11,"Bert Kaempfert",157.83138,0.541033426688,0.387973347513,37,10.0,113.0;110.0;18.0;54.0;245.0;28.0;116.0;45.0;36.0;92.0;23.0;248.0;17.0;63.0;1.0;88.0;11.0;27.0;109.0;185.0;20.0;43.0;7.0;139.0;39.0;175.0;93.0;166.0;124.0;336.0;105.0;219.0;971.0;2.0;13.0;14.0;34.0;0.0;202.0;258.0;83.0;65.0;19.0;145.0;50.0;612.0;148.0;38.0]
[1962,TRMHBYF128F93086F5,"Take Me",SOZFFQB12AB01872A3,"Two In One - A Singin' Safari/Safari Swings Again",ARQQP3Z1187FB5707B,9d0828bc-702d-4c89-b66f-4954958b8e11,"Bert Kaempfert",182.30812,0.541033426688,0.387973347513,22,10.0,113.0;110.0;18.0;54.0;245.0;28.0;116.0;45.0;36.0;92.0;23.0;248.0;17.0;63.0;1.0;88.0;11.0;27.0;109.0;185.0;20.0;43.0;7.0;139.0;39.0;175.0;93.0;166.0;124.0;336.0;105.0;219.0;971.0;2.0;13.0;14.0;34.0;0.0;202.0;258.0;83.0;65.0;19.0;145.0;50.0;612.0;148.0;38.0]
[1962,TRSWKLW128F93086FA,"Tootie Flutie",SORYRAE12AB01872BA,"Two In One - A Singin' Safari/Safari Swings Again",ARQQP3Z1187FB5707B,9d0828bc-702d-4c89-b66f-4954958b8e11,"Bert Kaempfert",129.09669,0.541033426688,0.387973347513,22,10.0,113.0;110.0;18.0;54.0;245.0;28.0;116.0;45.0;36.0;92.0;23.0;248.0;17.0;63.0;1.0;88.0;11.0;27.0;109.0;185.0;20.0;43.0;7.0;139.0;39.0;175.0;93.0;166.0;124.0;336.0;105.0;219.0;971.0;2.0;13.0;14.0;34.0;0.0;202.0;258.0;83.0;65.0;19.0;145.0;50.0;612.0;148.0;38.0]
[1962,TRMPUEY128F93086FB,Wimoweh,SOWNJFT12AB01872BD,"Two In One - A Singin' Safari/Safari Swings Again",ARQQP3Z1187FB5707B,9d0828bc-702d-4c89-b66f-4954958b8e11,"Bert Kaempfert",160.7571,0.541033426688,0.387973347513,58,10.0,113.0;110.0;18.0;54.0;245.0;28.0;116.0;45.0;36.0;92.0;23.0;248.0;17.0;63.0;1.0;88.0;11.0;27.0;109.0;185.0;20.0;43.0;7.0;139.0;39.0;175.0;93.0;166.0;124.0;336.0;105.0;219.0;971.0;2.0;13.0;14.0;34.0;0.0;202.0;258.0;83.0;65.0;19.0;145.0;50.0;612.0;148.0;38.0]
[1962,TRLEEUJ128F93086F4,"Market Day",SOOPSEG12AB018729F,"Two In One - A Singin' Safari/Safari Swings Again",ARQQP3Z1187FB5707B,9d0828bc-702d-4c89-b66f-4954958b8e11,"Bert Kaempfert",150.69995,0.541033426688,0.387973347513,26,10.0,113.0;110.0;18.0;54.0;245.0;28.0;116.0;45.0;36.0;92.0;23.0;248.0;17.0;63.0;1.0;88.0;11.0;27.0;109.0;185.0;20.0;43.0;7.0;139.0;39.0;175.0;93.0;166.0;124.0;336.0;105.0;219.0;971.0;2.0;13.0;14.0;34.0;0.0;202.0;258.0;83.0;65.0;19.0;145.0;50.0;612.0;148.0;38.0]
[1962,TRKVZDE128F93086FC,"Black Beauty",SOXIGMK12AB01872C1,"Two In One - A Singin' Safari/Safari Swings Again",ARQQP3Z1187FB5707B,9d0828bc-702d-4c89-b66f-4954958b8e11,"Bert Kaempfert",156.05506,0.541033426688,0.387973347513,39,10.0,113.0;110.0;18.0;54.0;245.0;28.0;116.0;45.0;36.0;92.0;23.0;248.0;17.0;63.0;1.0;88.0;11.0;27.0;109.0;185.0;20.0;43.0;7.0;139.0;39.0;175.0;93.0;166.0;124.0;336.0;105.0;219.0;971.0;2.0;13.0;14.0;34.0;0.0;202.0;258.0;83.0;65.0;19.0;145.0;50.0;612.0;148.0;38.0]
[1962,TRRYTDK128F93086F3,"That Happy Feeling",SOEXXDS12AB0187297,"Two In One - A Singin' Safari/Safari Swings Again",ARQQP3Z1187FB5707B,9d0828bc-702d-4c89-b66f-4954958b8e11,"Bert Kaempfert",173.06077,0.541033426688,0.423808443537,705,10.0,113.0;110.0;18.0;54.0;245.0;28.0;116.0;45.0;36.0;92.0;23.0;248.0;17.0;63.0;1.0;88.0;11.0;27.0;109.0;185.0;20.0;43.0;7.0;139.0;39.0;175.0;93.0;166.0;124.0;336.0;105.0;219.0;971.0;2.0;13.0;14.0;34.0;0.0;202.0;258.0;83.0;65.0;19.0;145.0;50.0;612.0;148.0;38.0]
[1962,TRVIHRN128F93086FD,Skokiaan,SOCCGEI12AB01872C3,"Two In One - A Singin' Safari/Safari Swings Again",ARQQP3Z1187FB5707B,9d0828bc-702d-4c89-b66f-4954958b8e11,"Bert Kaempfert",169.92608,0.541033426688,0.387973347513,160,10.0,113.0;110.0;18.0;54.0;245.0;28.0;116.0;45.0;36.0;92.0;23.0;248.0;17.0;63.0;1.0;88.0;11.0;27.0;109.0;185.0;20.0;43.0;7.0;139.0;39.0;175.0;93.0;166.0;124.0;336.0;105.0;219.0;971.0;2.0;13.0;14.0;34.0;0.0;202.0;258.0;83.0;65.0;19.0;145.0;50.0;612.0;148.0;38.0]
[1962,TRIYDLA128F93086F7,Zambesi,SOEEZRV12AB01872AF,"Two In One - A Singin' Safari/Safari Swings Again",ARQQP3Z1187FB5707B,9d0828bc-702d-4c89-b66f-4954958b8e11,"Bert Kaempfert",168.4371,0.541033426688,0.387973347513,51,10.0,113.0;110.0;18.0;54.0;245.0;28.0;116.0;45.0;36.0;92.0;23.0;248.0;17.0;63.0;1.0;88.0;11.0;27.0;109.0;185.0;20.0;43.0;7.0;139.0;39.0;175.0;93.0;166.0;124.0;336.0;105.0;219.0;971.0;2.0;13.0;14.0;34.0;0.0;202.0;258.0;83.0;65.0;19.0;145.0;50.0;612.0;148.0;38.0]
[1962,TRNCBTO128F428A93F,"Kill It Kid",SOIBARL12A8C13FBF6,"Last Session",ARRU9GR1187FB43F56,81e02e29-e46a-49cb-bf13-d204cbe86daa,"Blind Willie McTell",228.77995,0.591428551964,0.385344913733,17,1035.0;37.0;1664.0,32.0;645.0;350.0;24.0;146.0;245.0;265.0;28.0;85.0;450.0;45.0;677.0;30.0;290.0;92.0;399.0;325.0;601.0;1196.0;11.0;16.0;564.0;196.0;47.0;259.0;12.0;7.0;108.0;596.0;58.0;105.0;497.0;1006.0;13.0;424.0;355.0;0.0;119.0;131.0;148.0;578.0;5.0;26.0]
[1962,TRONWPP128F42A001A,"Breaking Up Is Hard To Do",SOKYZFI12A8C137682,"Platinum & Gold Collection",ARUE3AK1187B9AC923,577d92bd-32ac-48b6-86df-4db6b0b52fbf,"Neil Sedaka",136.25424,0.720842183166,0.444025681011,1187,0.0,295.0;113.0;110.0;3.0;24.0;54.0;1162.0;366.0;116.0;79.0;36.0;91.0;23.0;248.0;63.0;1.0;20.0;29.0;7.0;93.0;166.0;58.0;124.0;226.0;111.0;105.0;100.0;2.0;13.0;34.0;0.0;137.0;141.0;40.0;65.0;19.0;612.0;488.0;5.0;582.0;38.0;337.0]
[1962,TREFTWD128F14984BA,Sunset,SOCYVCC12A58A7E50D,Inception,ARPGS671187B996060,22fe7b6f-af38-458e-87bd-8971e7a2912e,"McCoy Tyner",282.25261,0.653019141774,0.429925636581,16,878.0;1.0;255.0;22.0;26.0;498.0;854.0;316.0,113.0;110.0;8.0;24.0;112.0;327.0;28.0;45.0;79.0;36.0;215.0;181.0;1.0;11.0;301.0;199.0;27.0;118.0;20.0;47.0;331.0;4.0;6.0;43.0;97.0;134.0;7.0;285.0;525.0;39.0;175.0;93.0;865.0;100.0;900.0;381.0;980.0;309.0;136.0;131.0;19.0;148.0;5.0]
[1962,TROJQWL12903CDA8A0,"Alto Songo",SOJKIGS12A6D4FD2E6,"A Man And His Music",AR78WG01187B98E404,13f53407-3b0f-426b-8ca9-935456362412,"Johnny Pacheco",164.77995,0.542232717105,0.34154441252,17,53.0;319.0,113.0;102.0;637.0;662.0;661.0;1309.0;997.0;647.0;507.0;31.0;51.0;17.0;1.0;64.0;4.0;6.0;7.0;39.0;175.0;316.0;878.0;385.0;618.0;59.0;500.0;2235.0;459.0;274.0;4331.0;423.0;5.0]
[1962,TRQZVDS12903CDA8A2,Acuyuye,SOIEWSD12A6D4FD2E8,"A Man And His Music",AR78WG01187B98E404,13f53407-3b0f-426b-8ca9-935456362412,"Johnny Pacheco",155.19302,0.542232717105,0.34154441252,63,53.0;319.0,113.0;102.0;637.0;662.0;661.0;1309.0;997.0;647.0;507.0;31.0;51.0;17.0;1.0;64.0;4.0;6.0;7.0;39.0;175.0;316.0;878.0;385.0;618.0;59.0;500.0;2235.0;459.0;274.0;4331.0;423.0;5.0]
[1962,TRLFHCR12903CACAAF,"Young Boy Blues",SOZFGUB12A58A78B92,"Ben E. King - Best of",ARISHTQ1187FB3E6F0,837555ba-012e-45f1-9a9c-9628da13ee54,"Ben E. King",143.0722,0.688638653571,0.478780074307,33,0.0,113.0;52.0;18.0;24.0;54.0;738.0;28.0;85.0;1162.0;116.0;45.0;36.0;91.0;30.0;23.0;248.0;17.0;63.0;1.0;21.0;16.0;41.0;27.0;20.0;42.0;60.0;4.0;7.0;58.0;373.0;105.0;2.0;13.0;86.0;69.0;34.0;0.0;137.0;141.0;65.0;19.0;145.0;1255.0;50.0;25.0;5.0]
[1962,TRFKCVU128F1468CDF,Frosty,SOKAXGJ12A6D4F7DB7,"Collins Mix",ARHPDQM1187FB3C318,73b8dddb-ec29-4d11-b449-d97fde73f07b,"Albert Collins",204.25098,0.628102577273,0.395608350317,686,37.0;280.0;821.0,295.0;113.0;110.0;52.0;61.0;24.0;146.0;28.0;85.0;855.0;450.0;79.0;36.0;290.0;399.0;63.0;357.0;1913.0;1.0;27.0;47.0;448.0;42.0;167.0;60.0;4.0;12.0;43.0;7.0;166.0;58.0;518.0;2656.0;98.0;13.0;87.0;69.0;0.0;137.0;119.0;40.0;227.0;578.0;5.0]
[1962,TRKXXDW128E078D23E,"Oh Lord Don't Let Them Drop That Atomic Bomb On Me  (Alternate Version)",SOAKLAE12A6701FD7B,"Oh Yeah",ARJ6VQ21187B98BC8A,f3b8e107-abe8-4743-b6a3-4a4ee995e71f,"Charles Mingus",346.46159,0.695431936127,0.513311575835,67,1.0;338.0;242.0;22.0;548.0,657.0;113.0;76.0;1060.0;112.0;1661.0;78.0;327.0;245.0;129.0;28.0;74.0;745.0;79.0;91.0;80.0;215.0;135.0;31.0;84.0;696.0;200.0;314.0;11.0;1407.0;583.0;271.0;199.0;196.0;171.0;331.0;462.0;739.0;445.0;1324.0;43.0;294.0;7.0;299.0;253.0;1469.0;157.0;283.0;205.0;1269.0;127.0;100.0;190.0;381.0;396.0;236.0;309.0;119.0;239.0;377.0;415.0;148.0;1086.0;1286.0;243.0;410.0;5.0;125.0;38.0;293.0]
[1962,TRMHNNS128E078D23F,"Eat That Chicken (LP Version)",SOHGSKQ12A6701FD7C,"Oh Yeah",ARJ6VQ21187B98BC8A,f3b8e107-abe8-4743-b6a3-4a4ee995e71f,"Charles Mingus",279.84934,0.695431936127,0.513311575835,5,1.0;338.0;242.0;22.0;548.0,657.0;113.0;76.0;1060.0;112.0;1661.0;78.0;327.0;245.0;129.0;28.0;74.0;745.0;79.0;91.0;80.0;215.0;135.0;31.0;84.0;696.0;200.0;314.0;11.0;1407.0;583.0;271.0;199.0;196.0;171.0;331.0;462.0;739.0;445.0;1324.0;43.0;294.0;7.0;299.0;253.0;1469.0;157.0;283.0;205.0;1269.0;127.0;100.0;190.0;381.0;396.0;236.0;309.0;119.0;239.0;377.0;415.0;148.0;1086.0;1286.0;243.0;410.0;5.0;125.0;38.0;293.0]
[1962,TRKYHPX128F14570F3,"Three Bags Full",SOFRKJK12A6D4F6392,"Takin' Off",AR5KAA01187FB5AEB7,27613b78-1b9d-4ec3-9db5-fa0743465fdd,"Herbie Hancock",329.11628,0.737359490809,0.560523241921,681,1.0;27.0;112.0;103.0;296.0;255.0;22.0;26.0;599.0;498.0;316.0,3.0;181.0;691.0;11.0;27.0;118.0;331.0;7.0;2729.0;381.0;145.0]
[1962,TRYQSJL128F14570F6,"Driftin'",SOGVJCU12A6D4F6394,"Takin' Off",AR5KAA01187FB5AEB7,27613b78-1b9d-4ec3-9db5-fa0743465fdd,"Herbie Hancock",420.38812,0.737359490809,0.558842228913,1157,1.0;27.0;112.0;103.0;296.0;255.0;22.0;26.0;599.0;498.0;316.0,3.0;181.0;691.0;11.0;27.0;118.0;331.0;7.0;2729.0;381.0;145.0]
[1962,TRYUNDZ128F1468A4F,"Alone And I",SONEGBS12A6D4F7F87,"Takin' Off",AR5KAA01187FB5AEB7,27613b78-1b9d-4ec3-9db5-fa0743465fdd,"Herbie Hancock",387.70893,0.737359490809,0.558842228913,58,1.0;27.0;112.0;103.0;296.0;255.0;22.0;26.0;599.0;498.0;316.0,3.0;181.0;691.0;11.0;27.0;118.0;331.0;7.0;2729.0;381.0;145.0]
[1962,TRRTTWC128F92F606C,"Limbo Rock",SOAGSRW12A8C142D96,"The Lonely Bull",ARJUNZD1187B9A5DAE,012ef4f9-2d35-4000-86e5-bc761f87dab9,"Herb Alpert And The Tijuana Brass",132.20526,0.552416732219,0.481369053276,395,1.0;123.0,113.0;110.0;52.0;308.0;8.0;24.0;245.0;1002.0;74.0;45.0;181.0;297.0;63.0;9.0;43.0;837.0;7.0;39.0;175.0;93.0;166.0;124.0;329.0;226.0;105.0;219.0;100.0;2.0;355.0;0.0;258.0;136.0;131.0;65.0;612.0;159.0;1808.0;410.0]
[1962,TRHJOFW128F92F6065,Desafinado,SOZGCII12A8C142D6D,"The Lonely Bull",ARJUNZD1187B9A5DAE,012ef4f9-2d35-4000-86e5-bc761f87dab9,"Herb Alpert And The Tijuana Brass",234.65751,0.552416732219,0.481369053276,45,1.0;123.0,113.0;110.0;52.0;308.0;8.0;24.0;245.0;1002.0;74.0;45.0;181.0;297.0;63.0;9.0;43.0;837.0;7.0;39.0;175.0;93.0;166.0;124.0;329.0;226.0;105.0;219.0;100.0;2.0;355.0;0.0;258.0;136.0;131.0;65.0;612.0;159.0;1808.0;410.0]
[1962,TRSIMTO128F92F6061,"The Lonely Bull (El Solo Toro)",SONIXRD12A8C142D5E,"The Lonely Bull",ARJUNZD1187B9A5DAE,012ef4f9-2d35-4000-86e5-bc761f87dab9,"Herb Alpert And The Tijuana Brass",138.89261,0.552416732219,0.481369053276,1807,1.0;123.0,113.0;110.0;52.0;308.0;8.0;24.0;245.0;1002.0;74.0;45.0;181.0;297.0;63.0;9.0;43.0;837.0;7.0;39.0;175.0;93.0;166.0;124.0;329.0;226.0;105.0;219.0;100.0;2.0;355.0;0.0;258.0;136.0;131.0;65.0;612.0;159.0;1808.0;410.0]
[1962,TRQIFVR128F92F6062,"El Lobo (The Wolf)",SOPSSHG12A8C142D61,"The Lonely Bull",ARJUNZD1187B9A5DAE,012ef4f9-2d35-4000-86e5-bc761f87dab9,"Herb Alpert And The Tijuana Brass",184.73751,0.552416732219,0.481369053276,22,1.0;123.0,113.0;110.0;52.0;308.0;8.0;24.0;245.0;1002.0;74.0;45.0;181.0;297.0;63.0;9.0;43.0;837.0;7.0;39.0;175.0;93.0;166.0;124.0;329.0;226.0;105.0;219.0;100.0;2.0;355.0;0.0;258.0;136.0;131.0;65.0;612.0;159.0;1808.0;410.0]
[1962,TRVLWFB128F92F606F,"A Quiet Tear (Lagrima Quieta)",SOBGDHH12A8C142DA7,"The Lonely Bull",ARJUNZD1187B9A5DAE,012ef4f9-2d35-4000-86e5-bc761f87dab9,"Herb Alpert And The Tijuana Brass",141.81832,0.552416732219,0.481369053276,18,1.0;123.0,113.0;110.0;52.0;308.0;8.0;24.0;245.0;1002.0;74.0;45.0;181.0;297.0;63.0;9.0;43.0;837.0;7.0;39.0;175.0;93.0;166.0;124.0;329.0;226.0;105.0;219.0;100.0;2.0;355.0;0.0;258.0;136.0;131.0;65.0;612.0;159.0;1808.0;410.0]
[1962,TRTCDFB128F92F6066,Mexico,SOAYUHZ12A8C142D78,"The Lonely Bull",ARJUNZD1187B9A5DAE,012ef4f9-2d35-4000-86e5-bc761f87dab9,"Herb Alpert And The Tijuana Brass",159.92118,0.552416732219,0.481369053276,6,1.0;123.0,113.0;110.0;52.0;308.0;8.0;24.0;245.0;1002.0;74.0;45.0;181.0;297.0;63.0;9.0;43.0;837.0;7.0;39.0;175.0;93.0;166.0;124.0;329.0;226.0;105.0;219.0;100.0;2.0;355.0;0.0;258.0;136.0;131.0;65.0;612.0;159.0;1808.0;410.0]
[1962,TRSRVRA128F92F606B,"Acapulco 1922",SOYWBDC12A8C142D90,"The Lonely Bull",ARJUNZD1187B9A5DAE,012ef4f9-2d35-4000-86e5-bc761f87dab9,"Herb Alpert And The Tijuana Brass",163.7873,0.552416732219,0.481369053276,16177,1.0;123.0,113.0;110.0;52.0;308.0;8.0;24.0;245.0;1002.0;74.0;45.0;181.0;297.0;63.0;9.0;43.0;837.0;7.0;39.0;175.0;93.0;166.0;124.0;329.0;226.0;105.0;219.0;100.0;2.0;355.0;0.0;258.0;136.0;131.0;65.0;612.0;159.0;1808.0;410.0]
[1962,TRYNVTV128E078D00A,"Cross Breeding  (LP Version)",SOTHFOF12A6702127F,"Ornette On Tenor",ARB3TCS1187B99A0D2,169c0d1b-fcb8-4a43-9097-829aa7b39205,"Ornette Coleman",681.42975,0.674843438006,0.396707730396,1,1.0;338.0;0.0;850.0;425.0;22.0,113.0;110.0;18.0;24.0;143.0;327.0;144.0;28.0;79.0;91.0;215.0;262.0;181.0;1.0;99.0;11.0;16.0;301.0;199.0;206.0;53.0;27.0;161.0;118.0;20.0;331.0;43.0;134.0;7.0;139.0;285.0;278.0;391.0;111.0;71.0;381.0;179.0;67.0;0.0;309.0;40.0;5.0]
[1962,TRZWGKX128F427D5B2,"Crying In The Rain  (LP Version)",SOKOHWD12A8C13D7B3,"The Golden Hits Of The Everly Brothers",ARPAB1I1187B9AD8E4,091ec508-877f-4e3c-92a3-10903bbbc7ad,"The Everly Brothers",120.29342,0.693288764069,0.457060063055,1,1.0;0.0,113.0;52.0;24.0;54.0;149.0;265.0;28.0;85.0;79.0;493.0;36.0;91.0;690.0;30.0;92.0;23.0;248.0;63.0;1.0;88.0;16.0;41.0;341.0;20.0;7.0;166.0;58.0;124.0;98.0;105.0;497.0;2.0;13.0;62.0;69.0;0.0;137.0;141.0;220.0;136.0;65.0;19.0;5.0;38.0;337.0;26.0]
