[1964,TRSIPBN128E0788A43,"A Shot Of Rhythm And Blues",SOGBRXA12A6701CD49,"A's_ B's & EP's",ARZ09XM1187FB45F24,fe5fb618-2f8b-4158-92b6-464f31672bca,"Gerry & The Pacemakers",130.16771,0.614237760289,0.387965888781,19,3.0;21.0;6.0;294.0;4.0;2.0,295.0;113.0;149.0;78.0;28.0;85.0;75.0;573.0;121.0;79.0;36.0;30.0;63.0;164.0;158.0;197.0;101.0;1440.0;166.0;58.0;124.0;157.0;1409.0;105.0;2.0;13.0;62.0;69.0;355.0;0.0;137.0;210.0;40.0;217.0;65.0;148.0;362.0;38.0]
[1964,TRFMJWV128F92F0EDB,"Ferry Cross The Mersey",SOKPLCO12A8C140FFF,"Broken Hearted - 18 Classic Tearjerkers",ARZ09XM1187FB45F24,fe5fb618-2f8b-4158-92b6-464f31672bca,"Gerry & The Pacemakers",141.94893,0.614237760289,0.387965888781,1531,3.0;21.0;6.0;294.0;4.0;2.0,295.0;113.0;149.0;78.0;28.0;85.0;75.0;573.0;121.0;79.0;36.0;30.0;63.0;164.0;158.0;197.0;101.0;1440.0;166.0;58.0;124.0;157.0;1409.0;105.0;2.0;13.0;62.0;69.0;355.0;0.0;137.0;210.0;40.0;217.0;65.0;148.0;362.0;38.0]
[1964,TRNVZPN128F92FA4BB,"Ferry Cross The Mersey",SOCHTCN12AB01855EF,"Ferry Cross The Mersey - The Best Of",ARZ09XM1187FB45F24,fe5fb618-2f8b-4158-92b6-464f31672bca,"Gerry & The Pacemakers",142.23628,0.614237760289,0.387965888781,137,3.0;21.0;6.0;294.0;4.0;2.0,295.0;113.0;149.0;78.0;28.0;85.0;75.0;573.0;121.0;79.0;36.0;30.0;63.0;164.0;158.0;197.0;101.0;1440.0;166.0;58.0;124.0;157.0;1409.0;105.0;2.0;13.0;62.0;69.0;355.0;0.0;137.0;210.0;40.0;217.0;65.0;148.0;362.0;38.0]
[1964,TRKAILG128F933594D,Woman,SOZSNTG12AB0186F26,"The Original Studio Recordings",ARZ9FGC1187B98B47D,230ca093-1d00-4c57-9235-147942f66930,"The Zombies",146.05016,0.782300504204,0.47494186351,558,0.0;2154.0,512.0;989.0;79.0;36.0;164.0;197.0;784.0;7.0;693.0;127.0;2.0;556.0;62.0;0.0;220.0;300.0;65.0;38.0]
[1964,TRTTLSB128F9335987,"Leave Me Be",SOPNOHB12AB0186834,"The Original Studio Recordings",ARZ9FGC1187B98B47D,230ca093-1d00-4c57-9235-147942f66930,"The Zombies",124.65587,0.782300504204,0.47494186351,1444,0.0;2154.0,512.0;989.0;79.0;36.0;164.0;197.0;784.0;7.0;693.0;127.0;2.0;556.0;62.0;0.0;220.0;300.0;65.0;38.0]
[1964,TRBQXRX128F93359E0,Woman,SOBMASE12AB01853FE,"The Original Studio Recordings",ARZ9FGC1187B98B47D,230ca093-1d00-4c57-9235-147942f66930,"The Zombies",193.56689,0.782300504204,0.47494186351,8,0.0;2154.0,512.0;989.0;79.0;36.0;164.0;197.0;784.0;7.0;693.0;127.0;2.0;556.0;62.0;0.0;220.0;300.0;65.0;38.0]
[1964,TRXZVFY128F933594B,"You Make Me Feel Good",SOBRNRW12AB0186F1E,"The Original Studio Recordings",ARZ9FGC1187B98B47D,230ca093-1d00-4c57-9235-147942f66930,"The Zombies",158.27546,0.782300504204,0.47494186351,564,0.0;2154.0,512.0;989.0;79.0;36.0;164.0;197.0;784.0;7.0;693.0;127.0;2.0;556.0;62.0;0.0;220.0;300.0;65.0;38.0]
[1964,TRTQSVB128F423115A,"She's A Carioca (LP Version)",SOSQSXM12A6D4FC412,"The Wonderful World Of Antonio Carlos Jobim",ARIQC381187B9A825E,7a8dbe84-f4c0-4457-bfa3-edced1f8cde0,"Antonio Carlos Jobim",156.42077,0.481771820142,0.460772817654,18,301.0;134.0;887.0;0.0;22.0;2160.0;512.0;697.0,113.0;110.0;32.0;8.0;18.0;28.0;214.0;315.0;304.0;833.0;339.0;45.0;36.0;91.0;51.0;17.0;63.0;1.0;16.0;27.0;94.0;47.0;42.0;6.0;9.0;43.0;7.0;139.0;39.0;175.0;93.0;58.0;124.0;105.0;219.0;100.0;2.0;67.0;34.0;0.0;258.0;40.0;83.0;131.0;19.0;50.0;26.0;165.0]
[1964,TRGSJAO12903CA55F5,"(There's) Always Something There To Remind Me",SOGEMRX12AB01846A5,"The Solid Silver 60s: Greatest Hits Vol. 2",ARDIJLO1187FB3CE44,16963107-9288-43a2-946c-81de2f5eddfa,"Sandie Shaw",163.68281,0.587358644871,0.379344308362,896,3.0;0.0;6.0;98.0;2.0,113.0;506.0;3.0;24.0;54.0;85.0;75.0;573.0;121.0;116.0;36.0;30.0;92.0;23.0;494.0;17.0;63.0;1.0;88.0;35.0;16.0;41.0;101.0;185.0;20.0;4.0;6.0;12.0;55.0;7.0;93.0;105.0;2.0;13.0;87.0;34.0;0.0;258.0;40.0;1144.0;131.0;65.0;19.0;145.0;50.0;25.0;38.0;26.0]
[1964,TRWXYHS128F92DF731,"Moca Flor",SOVBJRD12AB01820A3,"Movin' Wes",ARIXE8X1187B999C7B,663f8232-8c46-4851-803f-a91d31593b14,"Wes Montgomery",190.04036,0.674474044136,0.408787122021,81,1.0;526.0;654.0;255.0;22.0;759.0;504.0;2130.0,8.0;24.0;327.0;28.0;214.0;450.0;45.0;36.0;181.0;297.0;51.0;17.0;63.0;1.0;21.0;199.0;27.0;20.0;180.0;47.0;331.0;42.0;60.0;4.0;6.0;9.0;12.0;43.0;7.0;139.0;285.0;39.0;175.0;378.0;37.0;105.0;2.0;13.0;67.0;34.0;0.0;202.0;258.0;83.0;131.0;65.0;19.0;145.0;56.0;5.0]
[1964,TROAEOX128F92DF732,"Matchmaker_ Matchmaker",SOLYMJB12AB01820AE,"Movin' Wes",ARIXE8X1187B999C7B,663f8232-8c46-4851-803f-a91d31593b14,"Wes Montgomery",170.1873,0.674474044136,0.408787122021,5,1.0;526.0;654.0;255.0;22.0;759.0;504.0;2130.0,8.0;24.0;327.0;28.0;214.0;450.0;45.0;36.0;181.0;297.0;51.0;17.0;63.0;1.0;21.0;199.0;27.0;20.0;180.0;47.0;331.0;42.0;60.0;4.0;6.0;9.0;12.0;43.0;7.0;139.0;285.0;39.0;175.0;378.0;37.0;105.0;2.0;13.0;67.0;34.0;0.0;202.0;258.0;83.0;131.0;65.0;19.0;145.0;56.0;5.0]
[1964,TRVVISL128F92FADD6,"The Incest Song",SOYCZAF12AB01822AB,"It'S My Way",ARD6NTO1187B994ED1,7b1a3022-6f4d-4c6b-acb3-bfa8919222b9,"Buffy Sainte-Marie",258.61179,0.575773973133,0.446767314491,11,31.0;8.0,113.0;110.0;76.0;32.0;146.0;28.0;85.0;107.0;173.0;36.0;584.0;30.0;464.0;92.0;23.0;1.0;364.0;225.0;90.0;35.0;195.0;16.0;417.0;41.0;341.0;53.0;9.0;1233.0;105.0;190.0;2.0;13.0;62.0;87.0;0.0;40.0;233.0;19.0;50.0;291.0;5.0;38.0;26.0]
[1964,TRVYOPX128F92FADCF,"He Lived Alone in Town",SOHMODM12AB01839D7,"It'S My Way",ARD6NTO1187B994ED1,7b1a3022-6f4d-4c6b-acb3-bfa8919222b9,"Buffy Sainte-Marie",281.59955,0.575773973133,0.446767314491,15,31.0;8.0,113.0;110.0;76.0;32.0;146.0;28.0;85.0;107.0;173.0;36.0;584.0;30.0;464.0;92.0;23.0;1.0;364.0;225.0;90.0;35.0;195.0;16.0;417.0;41.0;341.0;53.0;9.0;1233.0;105.0;190.0;2.0;13.0;62.0;87.0;0.0;40.0;233.0;19.0;50.0;291.0;5.0;38.0;26.0]
[1964,TRAFYKT128F92FADC0,"Mayoo Sto Hoon",SOQEXPU12AB01839AC,"It'S My Way",ARD6NTO1187B994ED1,7b1a3022-6f4d-4c6b-acb3-bfa8919222b9,"Buffy Sainte-Marie",83.82649,0.575773973133,0.446767314491,11,31.0;8.0,113.0;110.0;76.0;32.0;146.0;28.0;85.0;107.0;173.0;36.0;584.0;30.0;464.0;92.0;23.0;1.0;364.0;225.0;90.0;35.0;195.0;16.0;417.0;41.0;341.0;53.0;9.0;1233.0;105.0;190.0;2.0;13.0;62.0;87.0;0.0;40.0;233.0;19.0;50.0;291.0;5.0;38.0;26.0]
[1964,TRFUHVJ128F92FADD8,"Eyes of Amber",SOMXFOE12AB01822AE,"It'S My Way",ARD6NTO1187B994ED1,7b1a3022-6f4d-4c6b-acb3-bfa8919222b9,"Buffy Sainte-Marie",140.32934,0.575773973133,0.446767314491,8,31.0;8.0,113.0;110.0;76.0;32.0;146.0;28.0;85.0;107.0;173.0;36.0;584.0;30.0;464.0;92.0;23.0;1.0;364.0;225.0;90.0;35.0;195.0;16.0;417.0;41.0;341.0;53.0;9.0;1233.0;105.0;190.0;2.0;13.0;62.0;87.0;0.0;40.0;233.0;19.0;50.0;291.0;5.0;38.0;26.0]
[1964,TRBYZSE128F425CA9D,"Rome (Wasn't Built In A Day)",SOPEJOW12AB01805E1,"Ain't That Good News",AR4K2P91187B9B2B35,6c8fd0be-d961-454c-aee0-4366a6dbc993,"Sam Cooke",152.89424,0.731466297206,0.568430226383,138,176.0;62.0;40.0;450.0,78.0;129.0;28.0;30.0;196.0;2.0;0.0;217.0;19.0;1255.0;377.0;2724.0;293.0]
[1964,TRQNQWJ128F425CAA5,"The Riddle Song",SOLQNNU12A58A7BA9B,"Ain't That Good News",AR4K2P91187B9B2B35,6c8fd0be-d961-454c-aee0-4366a6dbc993,"Sam Cooke",149.68118,0.731466297206,0.567541052501,41,176.0;62.0;40.0;450.0,78.0;129.0;28.0;30.0;196.0;2.0;0.0;217.0;19.0;1255.0;377.0;2724.0;293.0]
[1964,TRMTNTY128F145F080,"Talk To Me Baby",SORXGET12A58A7A6B0,"In Love Again/In The Name Of Love",ARSC6WR1187FB40B18,5a2463af-eef0-4a22-bc8f-5865fbe9c78e,"Peggy Lee",170.00444,0.77081365167,0.472486697524,70,1.0;63.0;473.0;22.0;11.0,32.0;54.0;78.0;245.0;28.0;366.0;30.0;281.0;90.0;7.0;404.0;569.0;2.0;0.0;136.0;119.0;296.0;19.0;50.0;148.0;2134.0;617.0;410.0;38.0;337.0;293.0]
[1964,TRHPYRQ128F145F07C,"In The Name Of Love",SOOZWBY12A6D4F7742,"In Love Again/In The Name Of Love",ARSC6WR1187FB40B18,5a2463af-eef0-4a22-bc8f-5865fbe9c78e,"Peggy Lee",125.28281,0.77081365167,0.477260389684,15,1.0;63.0;473.0;22.0;11.0,32.0;54.0;78.0;245.0;28.0;366.0;30.0;281.0;90.0;7.0;404.0;569.0;2.0;0.0;136.0;119.0;296.0;19.0;50.0;148.0;2134.0;617.0;410.0;38.0;337.0;293.0]
[1964,TRNIEPI128F421CC1C,"Goodbye My Love",SOFXNPI12A6D4FC00E,"The Searchers - Very Best Of",ARQNRTK1187B9B58F2,a9399880-5587-457c-bc87-8c81fcf57cb1,"The Searchers",177.76281,0.635416711336,0.429272930561,924,3.0;0.0;6.0;294.0;2.0,3.0;54.0;149.0;28.0;85.0;573.0;116.0;36.0;92.0;23.0;248.0;17.0;63.0;10.0;1.0;88.0;16.0;41.0;27.0;101.0;185.0;324.0;42.0;60.0;4.0;7.0;1409.0;48.0;105.0;2.0;13.0;103.0;87.0;14.0;69.0;34.0;0.0;137.0;141.0;274.0;147.0;83.0;1144.0;502.0;131.0;65.0;19.0;50.0;242.0;15.0]
[1964,TRSYNZX128F421CC21,"'Till I Met You",SOECORZ12A6D4FC015,"The Searchers - Very Best Of",ARQNRTK1187B9B58F2,a9399880-5587-457c-bc87-8c81fcf57cb1,"The Searchers",176.43057,0.635416711336,0.429272930561,7,3.0;0.0;6.0;294.0;2.0,3.0;54.0;149.0;28.0;85.0;573.0;116.0;36.0;92.0;23.0;248.0;17.0;63.0;10.0;1.0;88.0;16.0;41.0;27.0;101.0;185.0;324.0;42.0;60.0;4.0;7.0;1409.0;48.0;105.0;2.0;13.0;103.0;87.0;14.0;69.0;34.0;0.0;137.0;141.0;274.0;147.0;83.0;1144.0;502.0;131.0;65.0;19.0;50.0;242.0;15.0]
[1964,TROEWST128C7196B0A,"Take This Heart Of Mine",SOHRKEY12A6310E832,Anthology,ARVNNXD1187B9AE50D,afdb7919-059d-43c1-b668-ba1d265e7e42,"Marvin Gaye",165.79873,0.780520618011,0.54084755902,90,1.0;103.0;11.0;52.0;62.0;40.0,129.0;1103.0;1543.0;28.0;79.0;23.0;794.0;90.0;27.0;161.0;1160.0;43.0;7.0;166.0;390.0;373.0;120.0;1038.0;100.0;2.0;62.0;0.0;220.0;296.0;217.0;824.0;19.0;377.0;50.0;284.0;600.0;125.0]
[1964,TRBBNBO128E0795075,"Min polare Per",SOJXLOO12A67ADA4D1,Live,AROM5MF1187B99E2C9,ca264abf-3eb6-4d53-827b-6ab16988a4a3,"Cornelis Vreeswijk",111.25506,0.587765644873,0.422160565483,48,44.0;8.0;625.0;1042.0;29.0;88.0,113.0;110.0;32.0;3.0;126.0;54.0;28.0;214.0;366.0;116.0;36.0;30.0;318.0;63.0;16.0;41.0;213.0;185.0;20.0;47.0;29.0;4.0;462.0;7.0;166.0;58.0;211.0;98.0;330.0;312.0;190.0;2.0;13.0;14.0;0.0;254.0;40.0;300.0;65.0;233.0;19.0;138.0;170.0;38.0;26.0]
[1964,TRTHVYM128F930188A,"Too Much Monkey Business",SOKICYO12AB017BD8E,"The Yardbirds Story_ Part 4",AR0N7RH1187B9B7497,191de76f-a224-445d-b041-54df16d65bf7,"The Yardbirds",232.80281,0.706352638491,0.469646169761,211,83.0;3.0;681.0;0.0;6.0;36.0;95.0;286.0;5.0;127.0;2.0,113.0;110.0;52.0;32.0;8.0;149.0;28.0;85.0;75.0;855.0;573.0;1574.0;173.0;79.0;36.0;1.0;16.0;945.0;101.0;47.0;42.0;29.0;60.0;9.0;7.0;58.0;348.0;1409.0;37.0;105.0;2.0;13.0;81.0;67.0;62.0;636.0;87.0;14.0;69.0;0.0;137.0;19.0;538.0]
[1964,TRJGLJU128F14AC25B,"I Wish You Would",SOPSJCL12A6D4FADE7,"London 1963 - The First Recordings",AR0N7RH1187B9B7497,191de76f-a224-445d-b041-54df16d65bf7,"The Yardbirds",356.88444,0.706352638491,0.469646169761,2598,83.0;3.0;681.0;0.0;6.0;36.0;95.0;286.0;5.0;127.0;2.0,113.0;110.0;52.0;32.0;8.0;149.0;28.0;85.0;75.0;855.0;573.0;1574.0;173.0;79.0;36.0;1.0;16.0;945.0;101.0;47.0;42.0;29.0;60.0;9.0;7.0;58.0;348.0;1409.0;37.0;105.0;2.0;13.0;81.0;67.0;62.0;636.0;87.0;14.0;69.0;0.0;137.0;19.0;538.0]
[1964,TRADKRE128F9301890,"Good Morning Little Schoolgirl",SOOSGOM12AB017BDA0,"The Yardbirds Story_ Part 4",AR0N7RH1187B9B7497,191de76f-a224-445d-b041-54df16d65bf7,"The Yardbirds",161.20118,0.706352638491,0.469646169761,1224,83.0;3.0;681.0;0.0;6.0;36.0;95.0;286.0;5.0;127.0;2.0,113.0;110.0;52.0;32.0;8.0;149.0;28.0;85.0;75.0;855.0;573.0;1574.0;173.0;79.0;36.0;1.0;16.0;945.0;101.0;47.0;42.0;29.0;60.0;9.0;7.0;58.0;348.0;1409.0;37.0;105.0;2.0;13.0;81.0;67.0;62.0;636.0;87.0;14.0;69.0;0.0;137.0;19.0;538.0]
[1964,TRDFQFJ12903CE308D,"Here 'Tis",SOCPDAQ12AB017BDD1,"The Yardbirds Story_ Part 4",AR0N7RH1187B9B7497,191de76f-a224-445d-b041-54df16d65bf7,"The Yardbirds",309.65506,0.706352638491,0.469646169761,320,83.0;3.0;681.0;0.0;6.0;36.0;95.0;286.0;5.0;127.0;2.0,113.0;110.0;52.0;32.0;8.0;149.0;28.0;85.0;75.0;855.0;573.0;1574.0;173.0;79.0;36.0;1.0;16.0;945.0;101.0;47.0;42.0;29.0;60.0;9.0;7.0;58.0;348.0;1409.0;37.0;105.0;2.0;13.0;81.0;67.0;62.0;636.0;87.0;14.0;69.0;0.0;137.0;19.0;538.0]
[1964,TRLCTIH12903CE3085,"Got Love If You Want It",SOLARUI12A8C141938,"The Yardbirds Story_ Part 4",AR0N7RH1187B9B7497,191de76f-a224-445d-b041-54df16d65bf7,"The Yardbirds",155.402,0.706352638491,0.469646169761,1,83.0;3.0;681.0;0.0;6.0;36.0;95.0;286.0;5.0;127.0;2.0,113.0;110.0;52.0;32.0;8.0;149.0;28.0;85.0;75.0;855.0;573.0;1574.0;173.0;79.0;36.0;1.0;16.0;945.0;101.0;47.0;42.0;29.0;60.0;9.0;7.0;58.0;348.0;1409.0;37.0;105.0;2.0;13.0;81.0;67.0;62.0;636.0;87.0;14.0;69.0;0.0;137.0;19.0;538.0]
[1964,TRRSGAN128F145F324,"Talkin' About J.C.",SOBXKLF12A6D4F61EE,"Talkin' About",ARWLT1T1187B99B4CC,1a88b270-d763-48d5-a62c-2bb9cabb140c,"Grant Green",705.04444,0.627074609205,0.427565146438,44,1.0;22.0,102.0;3.0;24.0;327.0;28.0;214.0;152.0;279.0;45.0;36.0;181.0;297.0;92.0;23.0;17.0;63.0;1.0;16.0;41.0;27.0;118.0;94.0;47.0;731.0;331.0;60.0;4.0;9.0;43.0;132.0;7.0;139.0;39.0;175.0;378.0;48.0;2.0;89.0;13.0;62.0;14.0;44.0;34.0;0.0;40.0;83.0;131.0;19.0;145.0;5.0]
[1964,TRHYKFX128F1457EF3,"War Of The Satellites",SOAYRWQ12A6D4F7C18,"The Ventures Play Telstar - The Lonely Bull And Others / (The) Ventures In Space",AR1G3G71187B98FE83,b2cc8903-0077-4bef-8454-ac5cef53d126,"The Ventures",119.87546,0.72660393805,0.389484372459,224,1.0,113.0;74.0;79.0;30.0;16.0;197.0;47.0;43.0;369.0;2.0;62.0;0.0;65.0;50.0;264.0;5.0;38.0]
[1964,TRPUCIV128F425F116,"The Cruel Sea",SOEVQKY12A8C139F35,"Live in Seattle",AR1G3G71187B98FE83,b2cc8903-0077-4bef-8454-ac5cef53d126,"The Ventures",146.41587,0.72660393805,0.389484372459,68,1.0,113.0;74.0;79.0;30.0;16.0;197.0;47.0;43.0;369.0;2.0;62.0;0.0;65.0;50.0;264.0;5.0;38.0]
[1964,TRYXEAQ128F1457EEF,"He Never Came Back",SOABQLH12A6D4F7C15,"The Ventures Play Telstar - The Lonely Bull And Others / (The) Ventures In Space",AR1G3G71187B98FE83,b2cc8903-0077-4bef-8454-ac5cef53d126,"The Ventures",127.03302,0.72660393805,0.389484372459,21,1.0,113.0;74.0;79.0;30.0;16.0;197.0;47.0;43.0;369.0;2.0;62.0;0.0;65.0;50.0;264.0;5.0;38.0]
[1964,TRXAWAV128F425F0CB,"Tall Cool One",SOCUWFH12A8C1388CE,"60's Rock Instrumental Collection_ Vol. 1",AR1G3G71187B98FE83,b2cc8903-0077-4bef-8454-ac5cef53d126,"The Ventures",144.16934,0.72660393805,0.389484372459,1,1.0,113.0;74.0;79.0;30.0;16.0;197.0;47.0;43.0;369.0;2.0;62.0;0.0;65.0;50.0;264.0;5.0;38.0]
[1964,TRGEKVU128F92FA17C,"Nashville Blues",SOEGMMG12AB017D9F7,"Doc Watson",ARH10OY1187B9B9612,8aa38215-217d-432e-aca6-f2d85b05e843,"Doc Watson",117.73342,0.58476465948,0.426246715576,104,8.0,32.0;645.0;501.0;189.0;24.0;146.0;611.0;265.0;28.0;818.0;30.0;290.0;399.0;16.0;1084.0;53.0;196.0;47.0;1112.0;596.0;1026.0;585.0;577.0;972.0;0.0;141.0;210.0;40.0;578.0;243.0;430.0;570.0;5.0;523.0;26.0]
[1964,TRLTRES128F930FC11,"Ribbons Down My Back",SONCFAD12AB018293E,"Broadway First Take Vol. 1",ARYCH6M1187B98E14D,dfbd1d7b-bd17-48a2-b1b6-b09d62b57832,"Jerry Herman",200.80281,0.400269084139,0.307149669069,14,1.0;565.0,110.0;61.0;350.0;24.0;78.0;576.0;366.0;74.0;215.0;63.0;53.0;213.0;20.0;95.0;443.0;622.0;111.0;363.0;127.0;312.0;120.0;236.0;0.0;639.0;119.0;233.0;379.0;50.0;600.0;293.0;26.0]
[1964,TRVOQTX12903CBB4D8,Elementals,SOIASBM12A58A7C394,"For All Time",ARLKR161187FB50694,7bf711e9-4e69-4e08-b6e8-c0cb5805f1e7,"The Dave Brubeck Quartet",995.23873,0.739779073844,0.492955719605,1,1.0;22.0,295.0;113.0;102.0;32.0;189.0;24.0;327.0;173.0;45.0;79.0;91.0;297.0;63.0;1.0;99.0;11.0;16.0;199.0;53.0;331.0;43.0;7.0;285.0;525.0;39.0;175.0;93.0;124.0;98.0;476.0;105.0;100.0;381.0;184.0;309.0;131.0;145.0;50.0;148.0;5.0]
[1964,TRLUZKG128F42737F5,"Toki's Theme",SOWVNWR12A8C1349A7,"Jazz Impressions Of Japan",ARLKR161187FB50694,7bf711e9-4e69-4e08-b6e8-c0cb5805f1e7,"The Dave Brubeck Quartet",128.05179,0.739779752036,0.492955719605,10,1.0;22.0,295.0;113.0;102.0;32.0;189.0;24.0;327.0;173.0;45.0;79.0;91.0;297.0;63.0;1.0;99.0;11.0;16.0;199.0;53.0;331.0;43.0;7.0;285.0;525.0;39.0;175.0;93.0;124.0;98.0;476.0;105.0;100.0;381.0;184.0;309.0;131.0;145.0;50.0;148.0;5.0]
[1964,TRPNRPN12903CBB4D7,"Theme From Elementals",SOCFFTV12AF729F4F1,"For All Time",ARLKR161187FB50694,7bf711e9-4e69-4e08-b6e8-c0cb5805f1e7,"The Dave Brubeck Quartet",186.20036,0.739779752036,0.465429791032,28,1.0;22.0,295.0;113.0;102.0;32.0;189.0;24.0;327.0;173.0;45.0;79.0;91.0;297.0;63.0;1.0;99.0;11.0;16.0;199.0;53.0;331.0;43.0;7.0;285.0;525.0;39.0;175.0;93.0;124.0;98.0;476.0;105.0;100.0;381.0;184.0;309.0;131.0;145.0;50.0;148.0;5.0]
[1964,TRPVHAZ12903CBB4D2,Iberia,SOVQXMQ12AB01849E4,"For All Time",ARLKR161187FB50694,7bf711e9-4e69-4e08-b6e8-c0cb5805f1e7,"The Dave Brubeck Quartet",177.13587,0.739779752036,0.492955719605,8,1.0;22.0,295.0;113.0;102.0;32.0;189.0;24.0;327.0;173.0;45.0;79.0;91.0;297.0;63.0;1.0;99.0;11.0;16.0;199.0;53.0;331.0;43.0;7.0;285.0;525.0;39.0;175.0;93.0;124.0;98.0;476.0;105.0;100.0;381.0;184.0;309.0;131.0;145.0;50.0;148.0;5.0]
[1964,TRQISDF12903CB0595,"Pain In My Heart",SOCROAQ12A58A7A613,"Love Songs",ARAPFN61187B990019,82b1f5fd-cd31-41a9-b5d4-7e33f0eb9751,"Otis Redding",145.50159,0.705990592883,0.53979605024,2222,1.0;2018.0;62.0;40.0;1474.0,113.0;32.0;54.0;129.0;28.0;79.0;36.0;135.0;161.0;196.0;174.0;394.0;47.0;2.0;0.0;119.0;296.0;19.0;377.0;401.0;38.0;293.0;1462.0]
[1964,TRCMXOT128F1489C6F,"The Dog ( LP Version)",SOEETRF12A58A79ECC,"Pain In My Heart",ARAPFN61187B990019,82b1f5fd-cd31-41a9-b5d4-7e33f0eb9751,"Otis Redding",156.86485,0.705990592883,0.53979605024,13,1.0;2018.0;62.0;40.0;1474.0,113.0;32.0;54.0;129.0;28.0;79.0;36.0;135.0;161.0;196.0;174.0;394.0;47.0;2.0;0.0;119.0;296.0;19.0;377.0;401.0;38.0;293.0;1462.0]
[1964,TRGBLYV128F1489C76,"Something Is Worrying Me ( LP Version)",SOLJGON12A6D4FA1DD,"Pain In My Heart",ARAPFN61187B990019,82b1f5fd-cd31-41a9-b5d4-7e33f0eb9751,"Otis Redding",149.18485,0.705990592883,0.53979605024,124,1.0;2018.0;62.0;40.0;1474.0,113.0;32.0;54.0;129.0;28.0;79.0;36.0;135.0;161.0;196.0;174.0;394.0;47.0;2.0;0.0;119.0;296.0;19.0;377.0;401.0;38.0;293.0;1462.0]
[1964,TRRYTDW128F1489C70,"Stand By Me ( LP Version)",SODOAON12A6D4FA1D9,"Pain In My Heart",ARAPFN61187B990019,82b1f5fd-cd31-41a9-b5d4-7e33f0eb9751,"Otis Redding",172.32934,0.705990592883,0.53979605024,1978,1.0;2018.0;62.0;40.0;1474.0,113.0;32.0;54.0;129.0;28.0;79.0;36.0;135.0;161.0;196.0;174.0;394.0;47.0;2.0;0.0;119.0;296.0;19.0;377.0;401.0;38.0;293.0;1462.0]
[1964,TRBIYPP128F1473B0E,"What's That I Hear",SOJINVI12A6D4F8F32,"All The News That's Fit To Sing",ARAW99S1187B9B6EBF,80cd255d-995c-47f1-a5bc-cc34669a37a0,"Phil Ochs",123.0624,0.527315602028,0.387197361646,12,1.0;1229.0;8.0,113.0;32.0;189.0;24.0;146.0;143.0;265.0;28.0;107.0;36.0;30.0;290.0;51.0;399.0;1.0;16.0;41.0;53.0;213.0;47.0;6.0;462.0;12.0;596.0;166.0;58.0;124.0;111.0;105.0;190.0;2.0;13.0;0.0;40.0;217.0;65.0;49.0;578.0;5.0;38.0;26.0]
[1964,TRMFUFS128F1473B09,"Ballad Of William Worthy (LP Version)",SOUPUAZ12A6D4F8F2E,"All The News That's Fit To Sing",ARAW99S1187B9B6EBF,80cd255d-995c-47f1-a5bc-cc34669a37a0,"Phil Ochs",131.02975,0.527315602028,0.387197361646,25,1.0;1229.0;8.0,113.0;32.0;189.0;24.0;146.0;143.0;265.0;28.0;107.0;36.0;30.0;290.0;51.0;399.0;1.0;16.0;41.0;53.0;213.0;47.0;6.0;462.0;12.0;596.0;166.0;58.0;124.0;111.0;105.0;190.0;2.0;13.0;0.0;40.0;217.0;65.0;49.0;578.0;5.0;38.0;26.0]
[1964,TROXUTZ128F14984B4,Naima,SOHAHNT12AAA8C4AEB,"Four For Trane",ARQ4ZLW1187FB3E086,5ceff60b-8183-49bf-a855-328d3c172106,"Archie Shepp",429.42649,0.681367309249,0.44640544584,10,26.0,322.0;3.0;143.0;28.0;661.0;214.0;811.0;339.0;152.0;403.0;45.0;92.0;51.0;23.0;248.0;17.0;46.0;63.0;1.0;41.0;301.0;199.0;27.0;118.0;94.0;331.0;4.0;6.0;7.0;139.0;307.0;175.0;378.0;207.0;229.0;87.0;34.0;0.0;298.0;202.0;459.0;258.0;131.0;145.0;221.0;49.0;15.0;56.0]
[1964,TRBMTQG128F424C840,"Google Eye",SOITRKN12A6D4FE6A0,"Nashville Teens - The Best Of",ARKSCPT1187FB3CB54,445f9517-6aea-41b1-a565-5d23b013e122,"The Nashville Teens",139.91138,0.467910329354,0.337653038495,15,0.0,113.0;3.0;2133.0;85.0;75.0;573.0;36.0;30.0;23.0;248.0;1.0;164.0;16.0;41.0;341.0;64.0;101.0;1409.0;476.0;105.0;2.0;13.0;67.0;62.0;87.0;34.0;0.0;137.0;141.0;65.0;19.0;242.0;291.0;5.0;38.0;26.0]
[1964,TREICIT128F9359DA8,"Tobacco Road",SODPNTQ12AB01808B6,"Supergroups Of The 60's",ARKSCPT1187FB3CB54,445f9517-6aea-41b1-a565-5d23b013e122,"The Nashville Teens",159.03302,0.467910329354,0.337653038495,846,0.0,113.0;3.0;2133.0;85.0;75.0;573.0;36.0;30.0;23.0;248.0;1.0;164.0;16.0;41.0;341.0;64.0;101.0;1409.0;476.0;105.0;2.0;13.0;67.0;62.0;87.0;34.0;0.0;137.0;141.0;65.0;19.0;242.0;291.0;5.0;38.0;26.0]
[1964,TRHZALP128F424C84D,"I Like It Like That",SOVAHVL12A6D4FE6C4,"Nashville Teens - The Best Of",ARKSCPT1187FB3CB54,445f9517-6aea-41b1-a565-5d23b013e122,"The Nashville Teens",121.93914,0.467910329354,0.337653038495,1,0.0,113.0;3.0;2133.0;85.0;75.0;573.0;36.0;30.0;23.0;248.0;1.0;164.0;16.0;41.0;341.0;64.0;101.0;1409.0;476.0;105.0;2.0;13.0;67.0;62.0;87.0;34.0;0.0;137.0;141.0;65.0;19.0;242.0;291.0;5.0;38.0;26.0]
[1964,TRRCIFT128F42735C9,"You Can Tell The World",SOMPCIV12A58A7C813,"Wednesday Morning_ 3 A.M.",ARIWB161187B9AA1D5,5d02f264-e225-41ff-83f7-d9b1f0b1874a,"Simon & Garfunkel",166.86975,0.796493401551,0.510324986101,297,1.0;0.0;8.0;99.0;5.0;1793.0;1337.0,1092.0;74.0;36.0;1.0;16.0;41.0;341.0;111.0;2.0;62.0;0.0;40.0;65.0;5.0]
[1964,TRKDFFF128F92CBF66,"The Sun Is Burning",SOXIBZE12AB017FD14,"The Collection",ARIWB161187B9AA1D5,5d02f264-e225-41ff-83f7-d9b1f0b1874a,"Simon & Garfunkel",166.24281,0.796493401551,0.510324986101,473,1.0;0.0;8.0;99.0;5.0;1793.0;1337.0,1092.0;74.0;36.0;1.0;16.0;41.0;341.0;111.0;2.0;62.0;0.0;40.0;65.0;5.0]
[1964,TRGQELP12903CBA4B6,"The Times They Are A-Changin'",SOSOTCO12A8C1349C0,"The Columbia Studio Recordings (1964-1970)",ARIWB161187B9AA1D5,5d02f264-e225-41ff-83f7-d9b1f0b1874a,"Simon & Garfunkel",171.17995,0.796493401551,0.510324986101,220,1.0;0.0;8.0;99.0;5.0;1793.0;1337.0,1092.0;74.0;36.0;1.0;16.0;41.0;341.0;111.0;2.0;62.0;0.0;40.0;65.0;5.0]
[1964,TRMJTQY128F426ADA0,"He Was My Brother",SONUNUX12A8C13436A,"Tales From New York - The Very Best Of Simon & Garfunkel",ARIWB161187B9AA1D5,5d02f264-e225-41ff-83f7-d9b1f0b1874a,"Simon & Garfunkel",168.93342,0.796493401551,0.510324986101,841,1.0;0.0;8.0;99.0;5.0;1793.0;1337.0,1092.0;74.0;36.0;1.0;16.0;41.0;341.0;111.0;2.0;62.0;0.0;40.0;65.0;5.0]
[1964,TRQVAJJ128F4284ADC,"The Sound Of Silence",SOSQYIW12A8C135B73,"Old Friends Live On Stage",ARIWB161187B9AA1D5,5d02f264-e225-41ff-83f7-d9b1f0b1874a,"Simon & Garfunkel",302.75873,0.796493401551,0.510324986101,2,1.0;0.0;8.0;99.0;5.0;1793.0;1337.0,1092.0;74.0;36.0;1.0;16.0;41.0;341.0;111.0;2.0;62.0;0.0;40.0;65.0;5.0]
[1964,TRSWUFC12903CBA4BA,"The Sun Is Burning",SOOVCVF12A8C1431D7,"The Columbia Studio Recordings (1964-1970)",ARIWB161187B9AA1D5,5d02f264-e225-41ff-83f7-d9b1f0b1874a,"Simon & Garfunkel",166.76526,0.796493401551,0.510324986101,143,1.0;0.0;8.0;99.0;5.0;1793.0;1337.0,1092.0;74.0;36.0;1.0;16.0;41.0;341.0;111.0;2.0;62.0;0.0;40.0;65.0;5.0]
[1964,TRWPQYH12903CBA4B8,"Bleecker Street",SOBHKSR12AF729D340,"The Columbia Studio Recordings (1964-1970)",ARIWB161187B9AA1D5,5d02f264-e225-41ff-83f7-d9b1f0b1874a,"Simon & Garfunkel",162.63791,0.593972953356,0.510324986101,92,1.0;0.0;8.0;99.0;5.0;1793.0;1337.0,1092.0;74.0;36.0;1.0;16.0;41.0;341.0;111.0;2.0;62.0;0.0;40.0;65.0;5.0]
[1964,TRZLVMJ12903CBA4B4,"Go Tell It On The Mountain",SOKCUCM12A8C1349BD,"The Columbia Studio Recordings (1964-1970)",ARIWB161187B9AA1D5,5d02f264-e225-41ff-83f7-d9b1f0b1874a,"Simon & Garfunkel",125.36118,0.796493401551,0.510324986101,772,1.0;0.0;8.0;99.0;5.0;1793.0;1337.0,1092.0;74.0;36.0;1.0;16.0;41.0;341.0;111.0;2.0;62.0;0.0;40.0;65.0;5.0]
[1964,TRZXLBU128F92CBF5F,Peggy-O,SOIVUUE12A8C134362,"The Collection",ARIWB161187B9AA1D5,5d02f264-e225-41ff-83f7-d9b1f0b1874a,"Simon & Garfunkel",144.90077,0.796493401551,0.510324986101,324,1.0;0.0;8.0;99.0;5.0;1793.0;1337.0,1092.0;74.0;36.0;1.0;16.0;41.0;341.0;111.0;2.0;62.0;0.0;40.0;65.0;5.0]
[1964,TROOLQO128F4261BC8,Sparrow,SOGGCFB12A8C131593,"Live From New York City_ 1967",ARIWB161187B9AA1D5,5d02f264-e225-41ff-83f7-d9b1f0b1874a,"Simon & Garfunkel",186.27873,0.796493401551,0.510324986101,78,1.0;0.0;8.0;99.0;5.0;1793.0;1337.0,1092.0;74.0;36.0;1.0;16.0;41.0;341.0;111.0;2.0;62.0;0.0;40.0;65.0;5.0]
[1964,TREKQNN128F92CBF48,Sparrow,SOLLKEI12AF72A39C4,"The Collection",ARIWB161187B9AA1D5,5d02f264-e225-41ff-83f7-d9b1f0b1874a,"Simon & Garfunkel",167.02649,0.593972953356,0.510324986101,165,1.0;0.0;8.0;99.0;5.0;1793.0;1337.0,1092.0;74.0;36.0;1.0;16.0;41.0;341.0;111.0;2.0;62.0;0.0;40.0;65.0;5.0]
[1964,TRJJCWF128F145B8D2,"I'm Into Something Good",SOOMVMK12A6D4F7AD0,"The Best Of The EMI Years_Vol One 64-66",ARKUI581187B9A6856,fc9ec2b3-b44a-4dad-8bc3-ff3738ee02ae,"Herman's Hermits",155.42812,0.669901769685,0.411628891446,93,3.0;6.0;4.0;2.0,113.0;3.0;54.0;149.0;28.0;85.0;75.0;573.0;116.0;36.0;690.0;30.0;92.0;23.0;248.0;63.0;1.0;88.0;11.0;16.0;41.0;27.0;101.0;185.0;20.0;42.0;12.0;7.0;175.0;1409.0;105.0;2.0;13.0;179.0;67.0;87.0;34.0;0.0;137.0;40.0;83.0;131.0;65.0;19.0;145.0;38.0;26.0]
[1964,TRHCWPI12903CC525B,"(The Best Part Of) Breakin' Up",SOFXLWJ12AB018D8EC,"Steve Wrights Sunday Love Songs& Make-Ups and Break-Ups",ARCHKD91187B9A0A42,393e5448-896f-43e9-b80b-4ee58e1e71a4,"The Ronettes",180.76689,0.567278592229,0.533885536481,209,1.0;709.0;11.0;4.0,113.0;506.0;8.0;24.0;78.0;1162.0;121.0;45.0;36.0;30.0;248.0;247.0;1.0;90.0;35.0;195.0;16.0;20.0;9.0;12.0;373.0;111.0;460.0;105.0;2.0;13.0;86.0;14.0;69.0;0.0;137.0;298.0;141.0;40.0;19.0;50.0;25.0;56.0;5.0;38.0]
[1964,TRBUJLF12903CFB50B,"How Does It Feel?",SOVHHWP12AC9618456,"The Best Of The Ronettes",ARCHKD91187B9A0A42,393e5448-896f-43e9-b80b-4ee58e1e71a4,"The Ronettes",160.02567,0.661506486748,0.533885536481,64,1.0;709.0;11.0;4.0,113.0;506.0;8.0;24.0;78.0;1162.0;121.0;45.0;36.0;30.0;248.0;247.0;1.0;90.0;35.0;195.0;16.0;20.0;9.0;12.0;373.0;111.0;460.0;105.0;2.0;13.0;86.0;14.0;69.0;0.0;137.0;298.0;141.0;40.0;19.0;50.0;25.0;56.0;5.0;38.0]
[1964,TRCYNTQ128F1498A05,"Walking In The Rain",SOAVBVE12A6D4F6EF0,"Phil Spector's Wall Of Sound Retrospective Phillies Sound 1961-1996",ARCHKD91187B9A0A42,393e5448-896f-43e9-b80b-4ee58e1e71a4,"The Ronettes",194.63791,0.567268548649,0.533885536481,688,1.0;709.0;11.0;4.0,113.0;506.0;8.0;24.0;78.0;1162.0;121.0;45.0;36.0;30.0;248.0;247.0;1.0;90.0;35.0;195.0;16.0;20.0;9.0;12.0;373.0;111.0;460.0;105.0;2.0;13.0;86.0;14.0;69.0;0.0;137.0;298.0;141.0;40.0;19.0;50.0;25.0;56.0;5.0;38.0]
[1964,TRISJSK128F425FBC7,"In My Lonely Room",SOWIPNU12A8AE46E92,"In My Lonely Room",ARZOB721187FB545AE,41c7e87d-ded0-4a8e-954f-635970042521,"Martha & The Vandellas",143.882,0.593121290318,0.0,44,0.0,113.0;821.0;110.0;350.0;24.0;74.0;79.0;325.0;455.0;248.0;73.0;90.0;35.0;27.0;47.0;604.0;373.0;460.0;193.0;105.0;2.0;69.0;355.0;0.0;239.0;19.0;5.0;768.0]
[1964,TRUZITH128F4289515,"Rag Doll",SOPQYCP12A8C139102,"Jersey Boys Original Broadway Cast Recording",ARJ7D2E1187FB55998,3f64d38c-1ad4-4fb0-941e-7f4b51d4c9e6,"The Four Seasons",134.37342,0.300595989785,0.462477440276,784,0.0,295.0;113.0;110.0;481.0;3.0;1092.0;24.0;28.0;36.0;690.0;23.0;248.0;228.0;285.0;58.0;211.0;373.0;519.0;460.0;105.0;2.0;2672.0;13.0;69.0;0.0;137.0;217.0;300.0;65.0;19.0;671.0]
[1964,TREGWDL128F145D5ED,"The Days Of Wine And Roses",SOOXXMH12A6D4F60F9,"The Capitol Years",ARD0FN11187B9B25CD,1f223eed-aa38-49da-9e76-62ab3adc2e04,"Bobby Darin",153.91302,0.704411406668,0.469425907976,659,1.0;233.0;63.0;8.0;11.0;5.0;127.0,295.0;113.0;8.0;24.0;143.0;78.0;245.0;28.0;1162.0;45.0;79.0;36.0;30.0;248.0;63.0;35.0;16.0;41.0;341.0;7.0;93.0;166.0;58.0;124.0;105.0;497.0;2.0;13.0;62.0;14.0;0.0;137.0;141.0;40.0;131.0;19.0;50.0;148.0;617.0;5.0;38.0;337.0]
[1964,TRXVGFW128F1477D04,"Golden Earrings (LP Version)",SOOPSSV12A6D4F7FBC,Winners,ARD0FN11187B9B25CD,1f223eed-aa38-49da-9e76-62ab3adc2e04,"Bobby Darin",122.56608,0.704411406668,0.469425907976,3,1.0;233.0;63.0;8.0;11.0;5.0;127.0,295.0;113.0;8.0;24.0;143.0;78.0;245.0;28.0;1162.0;45.0;79.0;36.0;30.0;248.0;63.0;35.0;16.0;41.0;341.0;7.0;93.0;166.0;58.0;124.0;105.0;497.0;2.0;13.0;62.0;14.0;0.0;137.0;141.0;40.0;131.0;19.0;50.0;148.0;617.0;5.0;38.0;337.0]
[1964,TRRSFKQ128F1484AB8,"Wish Someone Would Care",SOIEWLA12A6D4F92D9,"Straight From The Soul",ARALUUG1187FB58696,710c7ffa-977e-4431-9f00-c8d4eddf6808,"Irma Thomas",147.59138,0.623823767852,0.441106359144,500,0.0,113.0;110.0;506.0;3.0;24.0;54.0;28.0;85.0;36.0;399.0;23.0;1.0;90.0;35.0;195.0;41.0;27.0;64.0;196.0;42.0;4.0;12.0;7.0;653.0;95.0;596.0;124.0;1617.0;48.0;460.0;105.0;497.0;2.0;13.0;69.0;34.0;0.0;136.0;40.0;19.0;145.0;401.0;2248.0;5.0;38.0]
[1964,TREMJCL128F1484AB4,"Anyone Who Knows What Love Is (Will Understand)",SONUKMU12A6D4F92D5,"Straight From The Soul",ARALUUG1187FB58696,710c7ffa-977e-4431-9f00-c8d4eddf6808,"Irma Thomas",180.50567,0.623823767852,0.441106359144,257,0.0,113.0;110.0;506.0;3.0;24.0;54.0;28.0;85.0;36.0;399.0;23.0;1.0;90.0;35.0;195.0;41.0;27.0;64.0;196.0;42.0;4.0;12.0;7.0;653.0;95.0;596.0;124.0;1617.0;48.0;460.0;105.0;497.0;2.0;13.0;69.0;34.0;0.0;136.0;40.0;19.0;145.0;401.0;2248.0;5.0;38.0]
[1964,TRIPVZI128F1484AAA,"While The City Sleeps",SOIJLBX12A6D4F92CB,"Straight From The Soul",ARALUUG1187FB58696,710c7ffa-977e-4431-9f00-c8d4eddf6808,"Irma Thomas",158.04036,0.623823767852,0.441106359144,50,0.0,113.0;110.0;506.0;3.0;24.0;54.0;28.0;85.0;36.0;399.0;23.0;1.0;90.0;35.0;195.0;41.0;27.0;64.0;196.0;42.0;4.0;12.0;7.0;653.0;95.0;596.0;124.0;1617.0;48.0;460.0;105.0;497.0;2.0;13.0;69.0;34.0;0.0;136.0;40.0;19.0;145.0;401.0;2248.0;5.0;38.0]
[1964,TRUCPCP128F42649D7,"I'm So Proud",SOXJIRT12A6D4F751C,"A Bronx Tale - Music From The Motion Picture",ARCT5P61187FB3D950,8af64037-6d26-4d24-afd8-7e085abb01b1,"The Impressions",168.64608,0.431959601609,0.410247407476,692,4.0,113.0;110.0;308.0;8.0;24.0;738.0;28.0;279.0;237.0;1073.0;45.0;36.0;248.0;17.0;1.0;21.0;35.0;16.0;27.0;196.0;551.0;9.0;97.0;7.0;39.0;93.0;166.0;58.0;390.0;373.0;460.0;193.0;105.0;2.0;986.0;69.0;0.0;40.0;217.0;946.0;19.0;401.0;5.0;2724.0]
[1964,TRNZONG128F429EEEA,"I Won't Forget You",SOIMGNW12A58A81EF4,Anthology,ARZVTZN1187FB579D4,2c05faf7-5cc8-4476-9daa-d177ad75cd34,"Jim Reeves",120.42404,0.624252112263,0.462190104591,216,0.0,295.0;113.0;189.0;24.0;146.0;54.0;78.0;28.0;79.0;493.0;30.0;860.0;461.0;63.0;16.0;196.0;43.0;352.0;7.0;166.0;58.0;1700.0;105.0;2.0;40.0;19.0;227.0;430.0;5.0;38.0]
[1964,TRRUFSH128F14637B3,"My Colouring Book",SOVVJZK12A6D4F7C34,"A Girl Called Dusty",AREQIT21187B9AEB7F,b896aa8c-2761-40ce-b485-0e1fffd26167,"Dusty Springfield",183.90159,0.670854098371,0.50042382202,79,3.0;63.0;6.0;11.0;2.0,113.0;506.0;54.0;78.0;129.0;28.0;573.0;79.0;30.0;23.0;455.0;164.0;90.0;35.0;16.0;43.0;7.0;105.0;100.0;2.0;986.0;0.0;217.0;946.0;824.0;19.0;377.0;50.0;38.0]
[1964,TRSFWCV128F14637BE,"Can I Get A Witness",SOOXPBL12A6D4F7C3D,"A Girl Called Dusty",AREQIT21187B9AEB7F,b896aa8c-2761-40ce-b485-0e1fffd26167,"Dusty Springfield",166.13832,0.670854098371,0.50042382202,9,3.0;63.0;6.0;11.0;2.0,113.0;506.0;54.0;78.0;129.0;28.0;573.0;79.0;30.0;23.0;455.0;164.0;90.0;35.0;16.0;43.0;7.0;105.0;100.0;2.0;986.0;0.0;217.0;946.0;824.0;19.0;377.0;50.0;38.0]
[1964,TRNBTAB128F14637C2,"Summer Is Over",SOIKBAS12A6310E1E8,"A Girl Called Dusty",AREQIT21187B9AEB7F,b896aa8c-2761-40ce-b485-0e1fffd26167,"Dusty Springfield",227.00363,0.670854098371,0.48998162055,54,3.0;63.0;6.0;11.0;2.0,113.0;506.0;54.0;78.0;129.0;28.0;573.0;79.0;30.0;23.0;455.0;164.0;90.0;35.0;16.0;43.0;7.0;105.0;100.0;2.0;986.0;0.0;217.0;946.0;824.0;19.0;377.0;50.0;38.0]
[1964,TRVRZIQ128F93355E5,"Stay Awhile",SOAALWN12A6D4F7FDA,Classic,AREQIT21187B9AEB7F,b896aa8c-2761-40ce-b485-0e1fffd26167,"Dusty Springfield",116.76689,0.670854098371,0.50042382202,2894,3.0;63.0;6.0;11.0;2.0,113.0;506.0;54.0;78.0;129.0;28.0;573.0;79.0;30.0;23.0;455.0;164.0;90.0;35.0;16.0;43.0;7.0;105.0;100.0;2.0;986.0;0.0;217.0;946.0;824.0;19.0;377.0;50.0;38.0]
[1964,TRWOQOX128F14637B1,"Do Re Mi",SOGGVIM12A6D4F7C32,"A Girl Called Dusty",AREQIT21187B9AEB7F,b896aa8c-2761-40ce-b485-0e1fffd26167,"Dusty Springfield",143.09832,0.670854098371,0.50042382202,9,3.0;63.0;6.0;11.0;2.0,113.0;506.0;54.0;78.0;129.0;28.0;573.0;79.0;30.0;23.0;455.0;164.0;90.0;35.0;16.0;43.0;7.0;105.0;100.0;2.0;986.0;0.0;217.0;946.0;824.0;19.0;377.0;50.0;38.0]
[1964,TRYMZBL128F14637B5,"Twenty-Four Hours From Tulsa",SOYFVQC12A6D4F7C35,"A Girl Called Dusty",AREQIT21187B9AEB7F,b896aa8c-2761-40ce-b485-0e1fffd26167,"Dusty Springfield",187.29751,0.670854098371,0.50042382202,296,3.0;63.0;6.0;11.0;2.0,113.0;506.0;54.0;78.0;129.0;28.0;573.0;79.0;30.0;23.0;455.0;164.0;90.0;35.0;16.0;43.0;7.0;105.0;100.0;2.0;986.0;0.0;217.0;946.0;824.0;19.0;377.0;50.0;38.0]
[1964,TRRFDOA128F14637B7,"Anyone Who Had A Heart",SOZWVEH12A6D4F7C37,"A Girl Called Dusty",AREQIT21187B9AEB7F,b896aa8c-2761-40ce-b485-0e1fffd26167,"Dusty Springfield",191.26812,0.670854098371,0.50042382202,912,3.0;63.0;6.0;11.0;2.0,113.0;506.0;54.0;78.0;129.0;28.0;573.0;79.0;30.0;23.0;455.0;164.0;90.0;35.0;16.0;43.0;7.0;105.0;100.0;2.0;986.0;0.0;217.0;946.0;824.0;19.0;377.0;50.0;38.0]
[1964,TRLQYWK12903CDF8E5,"Goin' Out Of My Head",SOCGHQB12A8C142DD6,"You Belong To Me",ARQH3WI1187FB5647C,bcb77c0a-0faa-4f10-bfd5-fd8583f4bfba,"Little Anthony & The Imperials",151.19628,0.510640855709,0.412211331107,1495,0.0,8.0;54.0;140.0;28.0;85.0;279.0;116.0;36.0;92.0;84.0;23.0;248.0;154.0;10.0;1.0;263.0;11.0;27.0;273.0;101.0;185.0;178.0;130.0;60.0;4.0;9.0;12.0;7.0;37.0;177.0;373.0;257.0;48.0;460.0;105.0;2.0;13.0;305.0;14.0;44.0;0.0;137.0;141.0;361.0;65.0;19.0;188.0;56.0;38.0]
[1964,TRXTRNO128F146DC0E,"Needle In A Haystack",SOSSBQE12A6D4F4EA9,"To Mum Love Motown",AR31EL21187B98A723,329f036f-26c3-4cf9-826e-bcc067040e48,"The Velvelettes",150.02077,0.585086808609,0.451992429623,632,1.0;4.0,113.0;52.0;102.0;24.0;54.0;28.0;214.0;339.0;450.0;36.0;30.0;92.0;23.0;248.0;17.0;63.0;357.0;1.0;90.0;35.0;16.0;27.0;94.0;4.0;6.0;12.0;7.0;95.0;373.0;207.0;460.0;105.0;2.0;13.0;69.0;34.0;0.0;258.0;40.0;131.0;19.0;145.0;242.0;401.0;49.0;163.0;38.0]
[1964,TRACKGP128E078330D,"Should I Tell Them",SOCYKLI12A6310EB29,"The Motown Anthology",AR31EL21187B98A723,329f036f-26c3-4cf9-826e-bcc067040e48,"The Velvelettes",168.38485,0.585086808609,0.451992429623,3,1.0;4.0,113.0;52.0;102.0;24.0;54.0;28.0;214.0;339.0;450.0;36.0;30.0;92.0;23.0;248.0;17.0;63.0;357.0;1.0;90.0;35.0;16.0;27.0;94.0;4.0;6.0;12.0;7.0;95.0;373.0;207.0;460.0;105.0;2.0;13.0;69.0;34.0;0.0;258.0;40.0;131.0;19.0;145.0;242.0;401.0;49.0;163.0;38.0]
[1964,TREIRDY128F1478463,"He Was Really Sayin' Somethin'",SOQBNNU12A6D4F89DC,"Daddy Cool",AR31EL21187B98A723,329f036f-26c3-4cf9-826e-bcc067040e48,"The Velvelettes",152.81587,0.585086808609,0.451992429623,172,1.0;4.0,113.0;52.0;102.0;24.0;54.0;28.0;214.0;339.0;450.0;36.0;30.0;92.0;23.0;248.0;17.0;63.0;357.0;1.0;90.0;35.0;16.0;27.0;94.0;4.0;6.0;12.0;7.0;95.0;373.0;207.0;460.0;105.0;2.0;13.0;69.0;34.0;0.0;258.0;40.0;131.0;19.0;145.0;242.0;401.0;49.0;163.0;38.0]
[1964,TRBQVNJ128F1461E60,"Nobody I Know",SOYRYPN12A58A7FCC1,"The Ultimate Peter And Gordon",ARGS47D1187FB40225,cf1573d6-b9e3-4e93-ae74-7c18886acf06,"Peter And Gordon",150.17751,0.567816687571,0.382570093574,679,3.0;6.0;2.0,113.0;32.0;54.0;28.0;85.0;75.0;573.0;116.0;36.0;690.0;30.0;92.0;23.0;248.0;17.0;63.0;1.0;164.0;158.0;16.0;41.0;185.0;7.0;198.0;166.0;124.0;1409.0;476.0;105.0;2.0;13.0;62.0;87.0;34.0;0.0;137.0;141.0;40.0;65.0;19.0;264.0;25.0;5.0;38.0;26.0]
[1964,TROXNYL128F1461E6B,"Tell Me How",SOXFWZX12A58A7809E,"The Ultimate Peter And Gordon",ARGS47D1187FB40225,cf1573d6-b9e3-4e93-ae74-7c18886acf06,"Peter And Gordon",138.05669,0.567816687571,0.382570093574,24,3.0;6.0;2.0,113.0;32.0;54.0;28.0;85.0;75.0;573.0;116.0;36.0;690.0;30.0;92.0;23.0;248.0;17.0;63.0;1.0;164.0;158.0;16.0;41.0;185.0;7.0;198.0;166.0;124.0;1409.0;476.0;105.0;2.0;13.0;62.0;87.0;34.0;0.0;137.0;141.0;40.0;65.0;19.0;264.0;25.0;5.0;38.0;26.0]
[1964,TROKYVE128F1461E5D,"A World Without Love",SOGKGVR12A6D4F803D,"The Ultimate Peter And Gordon",ARGS47D1187FB40225,cf1573d6-b9e3-4e93-ae74-7c18886acf06,"Peter And Gordon",161.14893,0.567192194623,0.382570093574,4475,3.0;6.0;2.0,113.0;32.0;54.0;28.0;85.0;75.0;573.0;116.0;36.0;690.0;30.0;92.0;23.0;248.0;17.0;63.0;1.0;164.0;158.0;16.0;41.0;185.0;7.0;198.0;166.0;124.0;1409.0;476.0;105.0;2.0;13.0;62.0;87.0;34.0;0.0;137.0;141.0;40.0;65.0;19.0;264.0;25.0;5.0;38.0;26.0]
[1964,TRJHFHK128EF350CE5,"Work Song",SOEUDHL12A6D228232,"The Greatest Jazz Hits (Jazz Club)",ARQ5TM41187FB3E97D,a4c73ebe-b2c7-4f13-b99d-2fe1f9f27da8,"Cannonball Adderley / Ray Brown",316.89098,0.702578487132,0.411616781937,1,1.0,113.0;102.0;24.0;327.0;245.0;28.0;214.0;833.0;79.0;297.0;23.0;17.0;63.0;1.0;99.0;41.0;301.0;199.0;53.0;27.0;118.0;20.0;196.0;331.0;4.0;43.0;134.0;7.0;139.0;278.0;39.0;175.0;98.0;100.0;87.0;34.0;0.0;202.0;309.0;131.0;19.0;145.0;260.0;148.0;5.0;337.0]
[1964,TRCDEVZ128F1486F16,"All Summer Long",SOPGSRU12AF72A3A15,"Endless Summer",AR2DGPY1187FB4CECF,ebfc1398-8d96-47e3-82c3-f782abcdb13d,"The Beach Boys",127.81669,0.784636534713,0.558119759822,1823,1.0;39.0;0.0;11.0;95.0;5.0;127.0;342.0;523.0;12.0,113.0;110.0;8.0;3.0;78.0;79.0;36.0;30.0;314.0;47.0;784.0;846.0;1324.0;43.0;105.0;2.0;62.0;636.0;0.0;19.0;50.0;264.0;38.0]
[1964,TRUMXSF128F9303269,"Frosty The Snowman",SOHKNWY12A8C13A203,"Holidays & Hits",AR2DGPY1187FB4CECF,ebfc1398-8d96-47e3-82c3-f782abcdb13d,"The Beach Boys",118.80444,0.784636534713,0.558119759822,1,1.0;39.0;0.0;11.0;95.0;5.0;127.0;342.0;523.0;12.0,113.0;110.0;8.0;3.0;78.0;79.0;36.0;30.0;314.0;47.0;784.0;846.0;1324.0;43.0;105.0;2.0;62.0;636.0;0.0;19.0;50.0;264.0;38.0]
[1964,TRPGMFI128F4265301,"There! I've Said It Again",SOCOTMA12A8C132B88,"Bobby Vinton's Greatest Hits",ARVTPMZ1187FB44AEB,f37f26ea-6a9a-49b8-9614-bdad762f1ba6,"Bobby Vinton",142.99383,0.614827483297,0.389241893879,376,0.0,295.0;113.0;110.0;52.0;61.0;8.0;18.0;24.0;54.0;75.0;74.0;240.0;79.0;36.0;91.0;63.0;16.0;213.0;7.0;93.0;166.0;58.0;124.0;373.0;105.0;2.0;355.0;0.0;137.0;141.0;220.0;65.0;19.0;50.0;148.0;617.0;5.0;38.0;337.0;671.0]
[1964,TRRLXYR128F4266569,"Over The Mountain (Across The Sea)",SOIKRHZ12A8C131540,"Bobby Vinton's Greatest Hits",ARVTPMZ1187FB44AEB,f37f26ea-6a9a-49b8-9614-bdad762f1ba6,"Bobby Vinton",148.97587,0.614827483297,0.389241893879,28,0.0,295.0;113.0;110.0;52.0;61.0;8.0;18.0;24.0;54.0;75.0;74.0;240.0;79.0;36.0;91.0;63.0;16.0;213.0;7.0;93.0;166.0;58.0;124.0;373.0;105.0;2.0;355.0;0.0;137.0;141.0;220.0;65.0;19.0;50.0;148.0;617.0;5.0;38.0;337.0;671.0]
[1964,TRQYOQX128F42652FD,"Let's Kiss And Make Up",SOHBITO12A8C132B76,"Bobby Vinton's Greatest Hits",ARVTPMZ1187FB44AEB,f37f26ea-6a9a-49b8-9614-bdad762f1ba6,"Bobby Vinton",151.37914,0.614827483297,0.389241893879,16,0.0,295.0;113.0;110.0;52.0;61.0;8.0;18.0;24.0;54.0;75.0;74.0;240.0;79.0;36.0;91.0;63.0;16.0;213.0;7.0;93.0;166.0;58.0;124.0;373.0;105.0;2.0;355.0;0.0;137.0;141.0;220.0;65.0;19.0;50.0;148.0;617.0;5.0;38.0;337.0;671.0]
[1964,TRNZCWJ128F427099F,"The Vanishing Race",SODXHZV12A8C1340B6,"Johnny Cash Sings The Ballads Of The American Indian:  Bitter Tears",ARH861H1187B9B799E,d43d12a1-2dc9-4257-a2fd-0a3bb1081b86,"Johnny Cash",249.10322,0.817256939293,0.779558979607,6,1.0;37.0;32.0;1160.0;8.0;176.0;5.0;127.0,113.0;32.0;79.0;30.0;314.0;16.0;196.0;47.0;463.0;1324.0;2.0;396.0;0.0;141.0;233.0;19.0;243.0;430.0]
[1964,TRLIIJS128F4293118,"Toujours Un Coin Qui Me Rappelle",SOBTHCC12A8C13FD3B,"Eddy Mitchell CD Story",ARGYI3M1187B98BDD2,5cd668b6-0d20-4d1f-a84b-8bbb0fc51148,"Eddy Mitchell",203.04934,0.554580886772,0.363323099757,67,16.0,66.0;110.0;52.0;61.0;322.0;3.0;54.0;144.0;28.0;85.0;116.0;453.0;36.0;30.0;92.0;23.0;1.0;88.0;16.0;41.0;609.0;53.0;489.0;775.0;27.0;4.0;6.0;7.0;93.0;58.0;105.0;2.0;89.0;13.0;103.0;87.0;34.0;0.0;137.0;40.0;65.0;19.0;50.0;25.0;38.0;26.0]
[1964,TRVDFTP128F4269BC3,"Don't You Know (1997 Digital Remaster)",SOSHZOM12A8C135E3D,"In The Hollies Style",ARXRNDO1187FB42BE5,d4305549-6b4e-4a57-b24d-8af0743fe191,"The Hollies",116.84526,0.712735348386,0.450385562903,5,1802.0;3.0;0.0;6.0;11.0;302.0;2.0,113.0;8.0;3.0;54.0;149.0;75.0;573.0;121.0;116.0;36.0;92.0;23.0;63.0;10.0;1.0;88.0;16.0;41.0;27.0;185.0;20.0;4.0;6.0;9.0;12.0;7.0;1409.0;37.0;48.0;105.0;2.0;13.0;103.0;67.0;62.0;87.0;14.0;69.0;34.0;0.0;137.0;40.0;131.0;65.0;19.0;145.0;50.0]
[1964,TRSZVRA128F4269BDA,"I Thought Of You Last Night (1997 Digital Remaster)",SOUSRHW12A6D4F9A5E,"In The Hollies Style",ARXRNDO1187FB42BE5,d4305549-6b4e-4a57-b24d-8af0743fe191,"The Hollies",138.34404,0.712735348386,0.450385562903,32,1802.0;3.0;0.0;6.0;11.0;302.0;2.0,113.0;8.0;3.0;54.0;149.0;75.0;573.0;121.0;116.0;36.0;92.0;23.0;63.0;10.0;1.0;88.0;16.0;41.0;27.0;185.0;20.0;4.0;6.0;9.0;12.0;7.0;1409.0;37.0;48.0;105.0;2.0;13.0;103.0;67.0;62.0;87.0;14.0;69.0;34.0;0.0;137.0;40.0;131.0;65.0;19.0;145.0;50.0]
[1964,TRVIGXV128F42952F0,"It's Only Make Believe",SOEZFUZ12A6D4F6879,"Stay With The Hollies",ARXRNDO1187FB42BE5,d4305549-6b4e-4a57-b24d-8af0743fe191,"The Hollies",195.42159,0.712735348386,0.450385562903,100,1802.0;3.0;0.0;6.0;11.0;302.0;2.0,113.0;8.0;3.0;54.0;149.0;75.0;573.0;121.0;116.0;36.0;92.0;23.0;63.0;10.0;1.0;88.0;16.0;41.0;27.0;185.0;20.0;4.0;6.0;9.0;12.0;7.0;1409.0;37.0;48.0;105.0;2.0;13.0;103.0;67.0;62.0;87.0;14.0;69.0;34.0;0.0;137.0;40.0;131.0;65.0;19.0;145.0;50.0]
[1964,TRELKVZ128F92FF9B6,"Don't You Know",SONSZVC12A8C13847F,"Special Collection",ARXRNDO1187FB42BE5,d4305549-6b4e-4a57-b24d-8af0743fe191,"The Hollies",116.08771,0.712735348386,0.450385562903,1,1802.0;3.0;0.0;6.0;11.0;302.0;2.0,113.0;8.0;3.0;54.0;149.0;75.0;573.0;121.0;116.0;36.0;92.0;23.0;63.0;10.0;1.0;88.0;16.0;41.0;27.0;185.0;20.0;4.0;6.0;9.0;12.0;7.0;1409.0;37.0;48.0;105.0;2.0;13.0;103.0;67.0;62.0;87.0;14.0;69.0;34.0;0.0;137.0;40.0;131.0;65.0;19.0;145.0;50.0]
[1964,TRQXXON12903CFDF09,"Come On Back",SOSERAC12A6D4F8FC0,"6 Love Songs",ARXRNDO1187FB42BE5,d4305549-6b4e-4a57-b24d-8af0743fe191,"The Hollies",132.30975,0.712735348386,0.450385562903,4,1802.0;3.0;0.0;6.0;11.0;302.0;2.0,113.0;8.0;3.0;54.0;149.0;75.0;573.0;121.0;116.0;36.0;92.0;23.0;63.0;10.0;1.0;88.0;16.0;41.0;27.0;185.0;20.0;4.0;6.0;9.0;12.0;7.0;1409.0;37.0;48.0;105.0;2.0;13.0;103.0;67.0;62.0;87.0;14.0;69.0;34.0;0.0;137.0;40.0;131.0;65.0;19.0;145.0;50.0]
[1964,TRYWKLS128F42952C5,"You Better Move On",SODNNII12A8C138A87,"Stay With The Hollies",ARXRNDO1187FB42BE5,d4305549-6b4e-4a57-b24d-8af0743fe191,"The Hollies",166.5824,0.712735348386,0.450385562903,1,1802.0;3.0;0.0;6.0;11.0;302.0;2.0,113.0;8.0;3.0;54.0;149.0;75.0;573.0;121.0;116.0;36.0;92.0;23.0;63.0;10.0;1.0;88.0;16.0;41.0;27.0;185.0;20.0;4.0;6.0;9.0;12.0;7.0;1409.0;37.0;48.0;105.0;2.0;13.0;103.0;67.0;62.0;87.0;14.0;69.0;34.0;0.0;137.0;40.0;131.0;65.0;19.0;145.0;50.0]
[1964,TRUENYE128E078FEB5,"Baby Love",SOKWRCB12A670214F5,"Motown's Greatest Hits",ARJEHDD1187B9B3516,c1aa2ec9-53e7-4d90-8d36-bac75832e986,"The Supremes",157.1522,0.681189462119,0.51433181437,7463,0.0,506.0;8.0;3.0;54.0;149.0;28.0;85.0;36.0;92.0;31.0;23.0;248.0;63.0;10.0;1.0;21.0;88.0;35.0;41.0;27.0;4.0;68.0;12.0;252.0;7.0;373.0;460.0;105.0;2.0;13.0;67.0;87.0;14.0;69.0;424.0;44.0;34.0;0.0;141.0;40.0;83.0;65.0;19.0;145.0;50.0;401.0;15.0;56.0]
[1964,TRSOITY128F1496251,"Come See About Me",SODLXUC12A6701DD8C,"The #1's",ARJEHDD1187B9B3516,c1aa2ec9-53e7-4d90-8d36-bac75832e986,"The Supremes",158.01424,0.681189462119,0.51433181437,2101,0.0,506.0;8.0;3.0;54.0;149.0;28.0;85.0;36.0;92.0;31.0;23.0;248.0;63.0;10.0;1.0;21.0;88.0;35.0;41.0;27.0;4.0;68.0;12.0;252.0;7.0;373.0;460.0;105.0;2.0;13.0;67.0;87.0;14.0;69.0;424.0;44.0;34.0;0.0;141.0;40.0;83.0;65.0;19.0;145.0;50.0;401.0;15.0;56.0]
[1964,TRPVWLC128F9350108,"Come Back Baby",SOUCUUK12AB0181303,"Not Fade Away: The Complete Studio Recordings And More",ARBJ5U71187FB52A76,d352f5dd-3023-4565-a7bb-52396bf8821d,"Buddy Holly",107.80689,0.686669419343,0.512312380865,21,1.0;0.0;5.0;127.0,295.0;113.0;110.0;52.0;32.0;8.0;3.0;24.0;54.0;28.0;36.0;30.0;92.0;1.0;35.0;16.0;41.0;101.0;20.0;47.0;42.0;60.0;4.0;9.0;68.0;12.0;7.0;58.0;37.0;105.0;2.0;13.0;87.0;14.0;44.0;0.0;137.0;141.0;40.0;1144.0;65.0;19.0;50.0;5.0;26.0]
[1964,TREOCCH128F9350130,"You're The One",SOVCXRC12AB0182DB5,"Not Fade Away: The Complete Studio Recordings And More",ARBJ5U71187FB52A76,d352f5dd-3023-4565-a7bb-52396bf8821d,"Buddy Holly",93.09995,0.686669419343,0.512312380865,107,1.0;0.0;5.0;127.0,295.0;113.0;110.0;52.0;32.0;8.0;3.0;24.0;54.0;28.0;36.0;30.0;92.0;1.0;35.0;16.0;41.0;101.0;20.0;47.0;42.0;60.0;4.0;9.0;68.0;12.0;7.0;58.0;37.0;105.0;2.0;13.0;87.0;14.0;44.0;0.0;137.0;141.0;40.0;1144.0;65.0;19.0;50.0;5.0;26.0]
[1964,TRBODDD128F42B2A53,"Promised Land",SOVYBJJ12A6D4F7098,"The Ultimate Chuck Berry",AR6NBDC1187FB4D96D,592a3b6d-c42b-4567-99c9-ecf63bd66499,"Chuck Berry",142.52363,0.735926365084,0.601693609028,1189,1.0;0.0;5.0;127.0,79.0;36.0;30.0;47.0;1324.0;43.0;105.0;100.0;2.0;0.0;141.0]
[1964,TRKBBTK128F146E6AD,"Promised Land",SOPKSDC12A6D4F6C59,"Kings Of Rock N Roll",AR6NBDC1187FB4D96D,592a3b6d-c42b-4567-99c9-ecf63bd66499,"Chuck Berry",151.17016,0.735926365084,0.601693609028,86,1.0;0.0;5.0;127.0,79.0;36.0;30.0;47.0;1324.0;43.0;105.0;100.0;2.0;0.0;141.0]
[1964,TRFKICJ128F145E5DB,"Il Patinait Merveilleusement",SOAYVYK12A6D4F6A9D,"Les Poetes:Verlaine Et Rimbaud (Vol.4)",AR7208E1187B9AC797,15b1cbac-060a-4136-9e07-4622c52c0f60,"Léo Ferré",110.91546,0.59220947717,0.345979271186,62,355.0;368.0;27.0;18.0;54.0;73.0;80.0;16.0;1563.0;1007.0,1386.0;126.0;107.0;116.0;453.0;30.0;106.0;1.0;11.0;16.0;609.0;1610.0;53.0;489.0;731.0;4.0;7.0;58.0;1276.0;457.0;317.0;1017.0;371.0;2.0;0.0;119.0;40.0;83.0;524.0;38.0;671.0;26.0]
[1964,TRXYZOO128F145E5DA,"Chanson De La Plus Haute Tour",SOEXOGU12A6D4F6A9C,"Les Poetes:Verlaine Et Rimbaud (Vol.4)",AR7208E1187B9AC797,15b1cbac-060a-4136-9e07-4622c52c0f60,"Léo Ferré",136.30649,0.59220947717,0.345979271186,856,355.0;368.0;27.0;18.0;54.0;73.0;80.0;16.0;1563.0;1007.0,1386.0;126.0;107.0;116.0;453.0;30.0;106.0;1.0;11.0;16.0;609.0;1610.0;53.0;489.0;731.0;4.0;7.0;58.0;1276.0;457.0;317.0;1017.0;371.0;2.0;0.0;119.0;40.0;83.0;524.0;38.0;671.0;26.0]
[1964,TRWHXCZ128F92FB591,"Go 'Way From My Window",SODGZUD12AB0182A7D,5,AR60ODO1187FB4D9AB,92d37892-6186-4459-9cc1-f0dde57652d0,"Joan Baez",132.91057,0.732261286176,0.455289243597,14,272.0;1.0;349.0;32.0;8.0;176.0;11.0;5.0;488.0;152.0,113.0;110.0;52.0;32.0;8.0;3.0;24.0;54.0;78.0;28.0;85.0;116.0;36.0;584.0;30.0;92.0;1.0;11.0;90.0;35.0;16.0;41.0;341.0;53.0;20.0;47.0;203.0;6.0;9.0;7.0;105.0;190.0;2.0;13.0;62.0;0.0;40.0;65.0;19.0;50.0;49.0;15.0;570.0;5.0;38.0;26.0]
[1964,TRVTJNE128F92FB592,"I Still Miss Someone",SOFZLSG12A58A787EF,5,AR60ODO1187FB4D9AB,92d37892-6186-4459-9cc1-f0dde57652d0,"Joan Baez",193.04444,0.732261286176,0.455289243597,21,272.0;1.0;349.0;32.0;8.0;176.0;11.0;5.0;488.0;152.0,113.0;110.0;52.0;32.0;8.0;3.0;24.0;54.0;78.0;28.0;85.0;116.0;36.0;584.0;30.0;92.0;1.0;11.0;90.0;35.0;16.0;41.0;341.0;53.0;20.0;47.0;203.0;6.0;9.0;7.0;105.0;190.0;2.0;13.0;62.0;0.0;40.0;65.0;19.0;50.0;49.0;15.0;570.0;5.0;38.0;26.0]
[1964,TROMFAU128F92FB58C,"The Death Of Queen Jane (Child No. 170)",SOIOIJO12AB0182A69,5,AR60ODO1187FB4D9AB,92d37892-6186-4459-9cc1-f0dde57652d0,"Joan Baez",230.53016,0.732261286176,0.455289243597,16,272.0;1.0;349.0;32.0;8.0;176.0;11.0;5.0;488.0;152.0,113.0;110.0;52.0;32.0;8.0;3.0;24.0;54.0;78.0;28.0;85.0;116.0;36.0;584.0;30.0;92.0;1.0;11.0;90.0;35.0;16.0;41.0;341.0;53.0;20.0;47.0;203.0;6.0;9.0;7.0;105.0;190.0;2.0;13.0;62.0;0.0;40.0;65.0;19.0;50.0;49.0;15.0;570.0;5.0;38.0;26.0]
[1964,TRIKJIX128F426EF09,"I Shall Be Free No. 10",SOPESOF12A8C1395E6,"ANOTHER SIDE OF BOB DYLAN",AR5FP401187FB523C9,72c536dc-7137-4477-a521-567eeb840fa8,"Bob Dylan",288.33914,0.675384811998,0.626602457744,1033,2095.0;2251.0;865.0;680.0;806.0;826.0;1.0;37.0;0.0;32.0;8.0;99.0;1326.0;5.0;1094.0;1217.0,110.0;61.0;32.0;481.0;8.0;54.0;78.0;28.0;85.0;79.0;36.0;30.0;290.0;135.0;16.0;41.0;213.0;47.0;43.0;7.0;253.0;317.0;100.0;371.0;190.0;2.0;62.0;0.0;141.0;119.0;40.0;233.0;19.0;50.0;243.0;410.0;38.0]
[1964,TRXUWFW128F931D81D,"I Shall Be Free No. 10",SOPESOF12A8C1395E6,"Another Side Of Bob Dylan",AR5FP401187FB523C9,72c536dc-7137-4477-a521-567eeb840fa8,"Bob Dylan",288.33914,0.675384811998,0.633339908702,1033,2095.0;2251.0;865.0;680.0;806.0;826.0;1.0;37.0;0.0;32.0;8.0;99.0;1326.0;5.0;1094.0;1217.0,110.0;61.0;32.0;481.0;8.0;54.0;78.0;28.0;85.0;79.0;36.0;30.0;290.0;135.0;16.0;41.0;213.0;47.0;43.0;7.0;253.0;317.0;100.0;371.0;190.0;2.0;62.0;0.0;141.0;119.0;40.0;233.0;19.0;50.0;243.0;410.0;38.0]
[1964,TRDNGGB128F42AE4C5,"Chimes Of Freedom",SOHBRLE12AF72A78BA,"The Bootleg Series_ Vol. 7 - No Direction Home: The Soundtrack",AR5FP401187FB523C9,72c536dc-7137-4477-a521-567eeb840fa8,"Bob Dylan",482.82077,0.675384811998,0.633339908702,88,2095.0;2251.0;865.0;680.0;806.0;826.0;1.0;37.0;0.0;32.0;8.0;99.0;1326.0;5.0;1094.0;1217.0,110.0;61.0;32.0;481.0;8.0;54.0;78.0;28.0;85.0;79.0;36.0;30.0;290.0;135.0;16.0;41.0;213.0;47.0;43.0;7.0;253.0;317.0;100.0;371.0;190.0;2.0;62.0;0.0;141.0;119.0;40.0;233.0;19.0;50.0;243.0;410.0;38.0]
[1964,TRIWFKO128F4264EEF,"The Times They Are A-Changin'",SOPLBYW12A8C132AD7,"Mtv Unplugged",AR5FP401187FB523C9,72c536dc-7137-4477-a521-567eeb840fa8,"Bob Dylan",348.60363,0.675384811998,0.633339908702,27,2095.0;2251.0;865.0;680.0;806.0;826.0;1.0;37.0;0.0;32.0;8.0;99.0;1326.0;5.0;1094.0;1217.0,110.0;61.0;32.0;481.0;8.0;54.0;78.0;28.0;85.0;79.0;36.0;30.0;290.0;135.0;16.0;41.0;213.0;47.0;43.0;7.0;253.0;317.0;100.0;371.0;190.0;2.0;62.0;0.0;141.0;119.0;40.0;233.0;19.0;50.0;243.0;410.0;38.0]
[1964,TRWQODY128F423D791,"I Left My Heart In San Francisco",SONNLPN12A8C132D4A,"Byrd Song",ARUP17W1187B98CAB9,9d99c378-247c-47a3-94ea-753efa330023,"Charlie Byrd",208.79628,0.527339183499,0.31055608318,52,1.0;301.0;134.0;887.0;22.0;512.0;133.0,18.0;327.0;245.0;28.0;214.0;833.0;45.0;240.0;79.0;181.0;297.0;63.0;1.0;118.0;20.0;47.0;731.0;331.0;388.0;97.0;294.0;7.0;880.0;139.0;819.0;39.0;175.0;559.0;219.0;2.0;57.0;258.0;131.0;19.0;145.0;50.0;600.0;148.0;5.0;744.0]
[1964,TRCMMIF128F423D798,"Let's Do It",SOHVDZA12A58A7929B,"Byrd Song",ARUP17W1187B98CAB9,9d99c378-247c-47a3-94ea-753efa330023,"Charlie Byrd",202.34404,0.527339183499,0.31055608318,13,1.0;301.0;134.0;887.0;22.0;512.0;133.0,18.0;327.0;245.0;28.0;214.0;833.0;45.0;240.0;79.0;181.0;297.0;63.0;1.0;118.0;20.0;47.0;731.0;331.0;388.0;97.0;294.0;7.0;880.0;139.0;819.0;39.0;175.0;559.0;219.0;2.0;57.0;258.0;131.0;19.0;145.0;50.0;600.0;148.0;5.0;744.0]
[1964,TRNZUTK128F92FE970,"Bull Frog Blues",SOBKEXK12A58A7A429,"Country Blues",AR5U94U1187FB5CDCF,d83e599c-2d5a-44ec-b727-587e1455b1b5,"John Hammond",147.722,0.590692917947,0.452817837697,16,8.0,113.0;110.0;32.0;189.0;18.0;24.0;146.0;28.0;85.0;237.0;450.0;36.0;30.0;318.0;1.0;90.0;35.0;16.0;41.0;27.0;109.0;47.0;42.0;9.0;12.0;7.0;373.0;2.0;67.0;44.0;0.0;141.0;40.0;65.0;19.0;188.0;5.0]
[1964,TRJUWSX128F92FE161,"Barrelhouse Woman Blues",SOEWFOL12AB0184FB9,"Big City Blues",AR5U94U1187FB5CDCF,d83e599c-2d5a-44ec-b727-587e1455b1b5,"John Hammond",146.38975,0.590692917947,0.452817837697,20,8.0,113.0;110.0;32.0;189.0;18.0;24.0;146.0;28.0;85.0;237.0;450.0;36.0;30.0;318.0;1.0;90.0;35.0;16.0;41.0;27.0;109.0;47.0;42.0;9.0;12.0;7.0;373.0;2.0;67.0;44.0;0.0;141.0;40.0;65.0;19.0;188.0;5.0]
[1964,TRQYCYK128F92FE956,"Crawling Kingsnake",SOPQKGH12A58A76BC5,"Country Blues",AR5U94U1187FB5CDCF,d83e599c-2d5a-44ec-b727-587e1455b1b5,"John Hammond",161.20118,0.590692917947,0.452817837697,28,8.0,113.0;110.0;32.0;189.0;18.0;24.0;146.0;28.0;85.0;237.0;450.0;36.0;30.0;318.0;1.0;90.0;35.0;16.0;41.0;27.0;109.0;47.0;42.0;9.0;12.0;7.0;373.0;2.0;67.0;44.0;0.0;141.0;40.0;65.0;19.0;188.0;5.0]
[1964,TRUPOFV128F92FE128,"Barbecue Blues",SOXFWCN12AB0181A43,"Big City Blues",AR5U94U1187FB5CDCF,d83e599c-2d5a-44ec-b727-587e1455b1b5,"John Hammond",201.16853,0.590692917947,0.452817837697,63,8.0,113.0;110.0;32.0;189.0;18.0;24.0;146.0;28.0;85.0;237.0;450.0;36.0;30.0;318.0;1.0;90.0;35.0;16.0;41.0;27.0;109.0;47.0;42.0;9.0;12.0;7.0;373.0;2.0;67.0;44.0;0.0;141.0;40.0;65.0;19.0;188.0;5.0]
[1964,TROBJZG128F92FA43F,"My Babe",SOAVKQG12AB017F846,"The Best Of",AR5U94U1187FB5CDCF,d83e599c-2d5a-44ec-b727-587e1455b1b5,"John Hammond",130.0371,0.590692917947,0.452817837697,23,8.0,113.0;110.0;32.0;189.0;18.0;24.0;146.0;28.0;85.0;237.0;450.0;36.0;30.0;318.0;1.0;90.0;35.0;16.0;41.0;27.0;109.0;47.0;42.0;9.0;12.0;7.0;373.0;2.0;67.0;44.0;0.0;141.0;40.0;65.0;19.0;188.0;5.0]
[1964,TRFJBVI128F9321607,"A Night In Tunisia",SOLZMGO12AB017F904,"Today And Tomorrow",ARPGS671187B996060,22fe7b6f-af38-458e-87bd-8971e7a2912e,"McCoy Tyner",307.9571,0.653019141774,0.429925636581,32,878.0;1.0;255.0;22.0;26.0;498.0;854.0;316.0,113.0;110.0;8.0;24.0;112.0;327.0;28.0;45.0;79.0;36.0;215.0;181.0;1.0;11.0;301.0;199.0;27.0;118.0;20.0;47.0;331.0;4.0;6.0;43.0;97.0;134.0;7.0;285.0;525.0;39.0;175.0;93.0;865.0;100.0;900.0;381.0;980.0;309.0;136.0;131.0;19.0;148.0;5.0]
[1964,TRGGVBO128F9321603,"Contemporary Focus",SOLIDIH12AB017F8F2,"Today And Tomorrow",ARPGS671187B996060,22fe7b6f-af38-458e-87bd-8971e7a2912e,"McCoy Tyner",508.23791,0.653019141774,0.429925636581,23,878.0;1.0;255.0;22.0;26.0;498.0;854.0;316.0,113.0;110.0;8.0;24.0;112.0;327.0;28.0;45.0;79.0;36.0;215.0;181.0;1.0;11.0;301.0;199.0;27.0;118.0;20.0;47.0;331.0;4.0;6.0;43.0;97.0;134.0;7.0;285.0;525.0;39.0;175.0;93.0;865.0;100.0;900.0;381.0;980.0;309.0;136.0;131.0;19.0;148.0;5.0]
[1964,TRGCOQY128F425F167,Earthquake,SOJWEZX12A8C133023,"Surf Party: Best Of The Surfaris - Live!",AR3UY051187B9A922A,ea9889a3-539d-4549-bff3-cb721b989aa2,"The Surfaris",146.70322,0.590994223819,0.475026044388,4,0.0,113.0;24.0;54.0;738.0;245.0;28.0;85.0;214.0;74.0;107.0;36.0;23.0;248.0;1.0;1793.0;27.0;161.0;197.0;101.0;185.0;20.0;47.0;43.0;369.0;7.0;98.0;105.0;2.0;13.0;87.0;14.0;355.0;0.0;137.0;141.0;65.0;19.0;50.0;264.0;25.0;5.0;38.0]
[1964,TRLHGAI128F425F16A,Apache,SOWJUND12A8C13302E,"Surf Party: Best Of The Surfaris - Live!",AR3UY051187B9A922A,ea9889a3-539d-4549-bff3-cb721b989aa2,"The Surfaris",172.01587,0.590994223819,0.475026044388,14,0.0,113.0;24.0;54.0;738.0;245.0;28.0;85.0;214.0;74.0;107.0;36.0;23.0;248.0;1.0;1793.0;27.0;161.0;197.0;101.0;185.0;20.0;47.0;43.0;369.0;7.0;98.0;105.0;2.0;13.0;87.0;14.0;355.0;0.0;137.0;141.0;65.0;19.0;50.0;264.0;25.0;5.0;38.0]
[1964,TRRTGMJ12903CA6C46,"I (Who Have Nothing)",SOHWNLQ12A58A790CF,"Only You - 16 Eternal Love Songs",ARISHTQ1187FB3E6F0,837555ba-012e-45f1-9a9c-9628da13ee54,"Ben E. King",140.06812,0.688638653571,0.478780074307,79,0.0,113.0;52.0;18.0;24.0;54.0;738.0;28.0;85.0;1162.0;116.0;45.0;36.0;91.0;30.0;23.0;248.0;17.0;63.0;1.0;21.0;16.0;41.0;27.0;20.0;42.0;60.0;4.0;7.0;58.0;373.0;105.0;2.0;13.0;86.0;69.0;34.0;0.0;137.0;141.0;65.0;19.0;145.0;1255.0;50.0;25.0;5.0]
[1964,TRPCSGU128F4287F30,Carol,SOUIDMZ12A8C13E43D,"Rolled Gold +",ARFCUN31187B9AD578,b071f9fa-14b0-4217-8e97-eb41da73f598,"The Rolling Stones",153.7824,0.814829656133,0.735765692951,1019,37.0;45.0;3.0;0.0;32.0;6.0;95.0;85.0;52.0;5.0;127.0;1529.0;2.0,113.0;110.0;32.0;8.0;149.0;28.0;79.0;30.0;356.0;164.0;27.0;213.0;196.0;47.0;42.0;294.0;198.0;48.0;120.0;100.0;2.0;556.0;62.0;14.0;0.0;19.0;50.0;148.0;38.0]
[1964,TRAKBON128F9311039,"Around And Around",SOGRKPG12A58A7ADF7,"12 x 5",ARFCUN31187B9AD578,b071f9fa-14b0-4217-8e97-eb41da73f598,"The Rolling Stones",183.17016,0.814829656133,0.776037656053,769,37.0;45.0;3.0;0.0;32.0;6.0;95.0;85.0;52.0;5.0;127.0;1529.0;2.0,113.0;110.0;32.0;8.0;149.0;28.0;79.0;30.0;356.0;164.0;27.0;213.0;196.0;47.0;42.0;294.0;198.0;48.0;120.0;100.0;2.0;556.0;62.0;14.0;0.0;19.0;50.0;148.0;38.0]
[1964,TRULUEB128F9309BE4,"Now I've Got A Witness (Like Uncle Phil And Uncle Gene)",SOHAGOQ12A58839397,"England's Newest Hit Makers",ARFCUN31187B9AD578,b071f9fa-14b0-4217-8e97-eb41da73f598,"The Rolling Stones",151.82322,0.814829656133,0.776037656053,516,37.0;45.0;3.0;0.0;32.0;6.0;95.0;85.0;52.0;5.0;127.0;1529.0;2.0,113.0;110.0;32.0;8.0;149.0;28.0;79.0;30.0;356.0;164.0;27.0;213.0;196.0;47.0;42.0;294.0;198.0;48.0;120.0;100.0;2.0;556.0;62.0;14.0;0.0;19.0;50.0;148.0;38.0]
[1964,TRYDFTA128F4287F2F,"Not Fade Away",SOCHYDE12A8C13E438,"Rolled Gold +",ARFCUN31187B9AD578,b071f9fa-14b0-4217-8e97-eb41da73f598,"The Rolling Stones",107.44118,0.814829656133,0.735765692951,2182,37.0;45.0;3.0;0.0;32.0;6.0;95.0;85.0;52.0;5.0;127.0;1529.0;2.0,113.0;110.0;32.0;8.0;149.0;28.0;79.0;30.0;356.0;164.0;27.0;213.0;196.0;47.0;42.0;294.0;198.0;48.0;120.0;100.0;2.0;556.0;62.0;14.0;0.0;19.0;50.0;148.0;38.0]
[1964,TRXJZFC128F92D5BC6,"Sometimes I Wish I Were A Boy",SOWNCPK12A8C145258,"The Essential Collection",ARWY7I71187FB36C3D,7f565c58-cf5d-441b-821f-c314ddf60c99,"Lesley Gore",125.02159,0.606925358532,0.38910077628,8,0.0,113.0;110.0;32.0;308.0;8.0;24.0;54.0;28.0;1162.0;79.0;36.0;248.0;63.0;73.0;90.0;35.0;195.0;9.0;373.0;111.0;105.0;2.0;13.0;69.0;0.0;220.0;136.0;40.0;65.0;19.0;38.0]
[1964,TRVRZXQ128F92D5BC7,"Look Of Love",SOZXUSN12A8C14525A,"The Essential Collection",ARWY7I71187FB36C3D,7f565c58-cf5d-441b-821f-c314ddf60c99,"Lesley Gore",117.44608,0.606925358532,0.38910077628,81,0.0,113.0;110.0;32.0;308.0;8.0;24.0;54.0;28.0;1162.0;79.0;36.0;248.0;63.0;73.0;90.0;35.0;195.0;9.0;373.0;111.0;105.0;2.0;13.0;69.0;0.0;220.0;136.0;40.0;65.0;19.0;38.0]
[1964,TRPUCQK128F14984B0,"Compositional Theme Story: Medleys_ Anthems And Folklore",SODXXDA12A6D4FAA02,"Mingus Plays Piano",ARJ6VQ21187B98BC8A,f3b8e107-abe8-4743-b6a3-4a4ee995e71f,"Charles Mingus",518.47791,0.695431936127,0.543737738446,72,1.0;338.0;242.0;22.0;548.0,657.0;113.0;76.0;1060.0;112.0;1661.0;78.0;327.0;245.0;129.0;28.0;74.0;745.0;79.0;91.0;80.0;215.0;135.0;31.0;84.0;696.0;200.0;314.0;11.0;1407.0;583.0;271.0;199.0;196.0;171.0;331.0;462.0;739.0;445.0;1324.0;43.0;294.0;7.0;299.0;253.0;1469.0;157.0;283.0;205.0;1269.0;127.0;100.0;190.0;381.0;396.0;236.0;309.0;119.0;239.0;377.0;415.0;148.0;1086.0;1286.0;243.0;410.0;5.0;125.0;38.0;293.0]
[1964,TRLROVR128F4294FE5,"So Long Eric",SOBQZDD12AF72A41AB,"Cornell 1964",ARJ6VQ21187B98BC8A,f3b8e107-abe8-4743-b6a3-4a4ee995e71f,"Charles Mingus",933.0673,0.695431936127,0.543737738446,451,1.0;338.0;242.0;22.0;548.0,657.0;113.0;76.0;1060.0;112.0;1661.0;78.0;327.0;245.0;129.0;28.0;74.0;745.0;79.0;91.0;80.0;215.0;135.0;31.0;84.0;696.0;200.0;314.0;11.0;1407.0;583.0;271.0;199.0;196.0;171.0;331.0;462.0;739.0;445.0;1324.0;43.0;294.0;7.0;299.0;253.0;1469.0;157.0;283.0;205.0;1269.0;127.0;100.0;190.0;381.0;396.0;236.0;309.0;119.0;239.0;377.0;415.0;148.0;1086.0;1286.0;243.0;410.0;5.0;125.0;38.0;293.0]
[1964,TRUMMOU128F4234253,"Getting Mighty Crowded",SODHEDN12A58A7EF0F,"The Shoop Shoop Song",AR6TNOA1187B9B5C44,beab6f53-4534-49d9-87a2-d01c0211b366,"Betty Everett",130.2722,0.552905497255,0.425661248504,257,0.0,113.0;506.0;24.0;54.0;28.0;85.0;152.0;116.0;450.0;36.0;92.0;23.0;248.0;17.0;357.0;1.0;90.0;35.0;27.0;64.0;94.0;101.0;185.0;6.0;7.0;139.0;207.0;460.0;105.0;100.0;2.0;13.0;87.0;69.0;34.0;0.0;141.0;83.0;65.0;19.0;145.0;264.0;5.0;38.0]
[1964,TRGZFTE128F427B634,"They Remind Me Of You",SOBEPKL12A8C13D608,"EMI Legends Rock 'n' Roll Seris - The Definitive Collection",ARYIDC81187B9B326A,9470ccd6-6ff7-467c-b7be-6c0ea59039b0,"Billy J Kramer & The Dakotas",142.15791,0.522745232929,0.358493740906,54,3.0;0.0;6.0;2.0,113.0;54.0;149.0;28.0;85.0;75.0;573.0;116.0;36.0;30.0;23.0;63.0;1.0;158.0;16.0;41.0;27.0;185.0;20.0;277.0;132.0;7.0;175.0;211.0;1409.0;476.0;105.0;2.0;13.0;62.0;69.0;34.0;383.0;0.0;141.0;83.0;1144.0;217.0;300.0;65.0;19.0;264.0;148.0;25.0;38.0;26.0]
[1964,TRTGVRI128F145987A,"One Finger Snap",SOWOVJC12A3F1EC50A,"The Best Of Herbie Hancock",AR5KAA01187FB5AEB7,27613b78-1b9d-4ec3-9db5-fa0743465fdd,"Herbie Hancock",440.52853,0.473885927361,0.558842228913,559,1.0;27.0;112.0;103.0;296.0;255.0;22.0;26.0;599.0;498.0;316.0,3.0;181.0;691.0;11.0;27.0;118.0;331.0;7.0;2729.0;381.0;145.0]
[1964,TRGZNEN128F4287438,"When The Saints Go Marching In",SOBJMHC12A58A79F62,"Good Morning Little School Girl",AR06M3F1187FB38BED,8d2651e1-f539-4492-957a-8b4dc4c5d9b9,"Mississippi Fred McDowell",139.25832,0.603268921561,0.385305378334,10,37.0,32.0;645.0;3.0;24.0;146.0;28.0;2279.0;85.0;855.0;450.0;677.0;36.0;30.0;290.0;92.0;399.0;2120.0;1.0;11.0;35.0;16.0;196.0;47.0;664.0;9.0;43.0;108.0;166.0;48.0;193.0;1006.0;62.0;87.0;14.0;34.0;473.0;0.0;210.0;40.0;561.0;115.0;260.0;25.0;578.0;5.0;26.0]
[1964,TRHPOKC128F428742B,"Amazing Grace",SOICPPK12A8C13C375,"Good Morning Little School Girl",AR06M3F1187FB38BED,8d2651e1-f539-4492-957a-8b4dc4c5d9b9,"Mississippi Fred McDowell",212.4273,0.603268921561,0.385305378334,36,37.0,32.0;645.0;3.0;24.0;146.0;28.0;2279.0;85.0;855.0;450.0;677.0;36.0;30.0;290.0;92.0;399.0;2120.0;1.0;11.0;35.0;16.0;196.0;47.0;664.0;9.0;43.0;108.0;166.0;48.0;193.0;1006.0;62.0;87.0;14.0;34.0;473.0;0.0;210.0;40.0;561.0;115.0;260.0;25.0;578.0;5.0;26.0]
[1964,TRHZNSD128F42437D3,"My Trouble Blues",SOUVUUO12A6D4FB52D,"You Got To Move",AR06M3F1187FB38BED,8d2651e1-f539-4492-957a-8b4dc4c5d9b9,"Mississippi Fred McDowell",213.39383,0.603268921561,0.385305378334,6,37.0,32.0;645.0;3.0;24.0;146.0;28.0;2279.0;85.0;855.0;450.0;677.0;36.0;30.0;290.0;92.0;399.0;2120.0;1.0;11.0;35.0;16.0;196.0;47.0;664.0;9.0;43.0;108.0;166.0;48.0;193.0;1006.0;62.0;87.0;14.0;34.0;473.0;0.0;210.0;40.0;561.0;115.0;260.0;25.0;578.0;5.0;26.0]
[1964,TRDDTJP128F42437DA,"When I Lay My Burden Down",SORMLWN12A58A7699C,"You Got To Move",AR06M3F1187FB38BED,8d2651e1-f539-4492-957a-8b4dc4c5d9b9,"Mississippi Fred McDowell",134.26893,0.603268921561,0.385305378334,150,37.0,32.0;645.0;3.0;24.0;146.0;28.0;2279.0;85.0;855.0;450.0;677.0;36.0;30.0;290.0;92.0;399.0;2120.0;1.0;11.0;35.0;16.0;196.0;47.0;664.0;9.0;43.0;108.0;166.0;48.0;193.0;1006.0;62.0;87.0;14.0;34.0;473.0;0.0;210.0;40.0;561.0;115.0;260.0;25.0;578.0;5.0;26.0]
[1964,TRTMNPF128F42437CA,"Kokomo Blues",SOUUYIK12A6D4FB510,"You Got To Move",AR06M3F1187FB38BED,8d2651e1-f539-4492-957a-8b4dc4c5d9b9,"Mississippi Fred McDowell",125.36118,0.603268921561,0.385305378334,60,37.0,32.0;645.0;3.0;24.0;146.0;28.0;2279.0;85.0;855.0;450.0;677.0;36.0;30.0;290.0;92.0;399.0;2120.0;1.0;11.0;35.0;16.0;196.0;47.0;664.0;9.0;43.0;108.0;166.0;48.0;193.0;1006.0;62.0;87.0;14.0;34.0;473.0;0.0;210.0;40.0;561.0;115.0;260.0;25.0;578.0;5.0;26.0]
[1964,TRZSJNM128F935F9C7,"Get Right Church",SOBRAUD12AB0183207,"Mighty Mississippi",AR06M3F1187FB38BED,8d2651e1-f539-4492-957a-8b4dc4c5d9b9,"Mississippi Fred McDowell",216.68526,0.603268921561,0.385305378334,29,37.0,32.0;645.0;3.0;24.0;146.0;28.0;2279.0;85.0;855.0;450.0;677.0;36.0;30.0;290.0;92.0;399.0;2120.0;1.0;11.0;35.0;16.0;196.0;47.0;664.0;9.0;43.0;108.0;166.0;48.0;193.0;1006.0;62.0;87.0;14.0;34.0;473.0;0.0;210.0;40.0;561.0;115.0;260.0;25.0;578.0;5.0;26.0]
[1964,TRMCCEV128F42437D5,"Black Minnie",SOVSQPE12A6D4FB534,"You Got To Move",AR06M3F1187FB38BED,8d2651e1-f539-4492-957a-8b4dc4c5d9b9,"Mississippi Fred McDowell",121.99138,0.603268921561,0.385305378334,16,37.0,32.0;645.0;3.0;24.0;146.0;28.0;2279.0;85.0;855.0;450.0;677.0;36.0;30.0;290.0;92.0;399.0;2120.0;1.0;11.0;35.0;16.0;196.0;47.0;664.0;9.0;43.0;108.0;166.0;48.0;193.0;1006.0;62.0;87.0;14.0;34.0;473.0;0.0;210.0;40.0;561.0;115.0;260.0;25.0;578.0;5.0;26.0]
[1964,TRYRKQX128F42437BE,"Write Me A Few Lines",SOEOPAA12A6D4FB4E2,"You Got To Move",AR06M3F1187FB38BED,8d2651e1-f539-4492-957a-8b4dc4c5d9b9,"Mississippi Fred McDowell",217.70404,0.603268921561,0.385305378334,79,37.0,32.0;645.0;3.0;24.0;146.0;28.0;2279.0;85.0;855.0;450.0;677.0;36.0;30.0;290.0;92.0;399.0;2120.0;1.0;11.0;35.0;16.0;196.0;47.0;664.0;9.0;43.0;108.0;166.0;48.0;193.0;1006.0;62.0;87.0;14.0;34.0;473.0;0.0;210.0;40.0;561.0;115.0;260.0;25.0;578.0;5.0;26.0]
[1964,TRLLFMW128F42437CD,"Fred's Worried Life Blues",SOPFXUB12A58A79CEB,"You Got To Move",AR06M3F1187FB38BED,8d2651e1-f539-4492-957a-8b4dc4c5d9b9,"Mississippi Fred McDowell",162.06322,0.603268921561,0.385305378334,43,37.0,32.0;645.0;3.0;24.0;146.0;28.0;2279.0;85.0;855.0;450.0;677.0;36.0;30.0;290.0;92.0;399.0;2120.0;1.0;11.0;35.0;16.0;196.0;47.0;664.0;9.0;43.0;108.0;166.0;48.0;193.0;1006.0;62.0;87.0;14.0;34.0;473.0;0.0;210.0;40.0;561.0;115.0;260.0;25.0;578.0;5.0;26.0]
[1964,TRYPHVM128F42437C0,Louise,SOBOVMY12A6D4FB4E9,"You Got To Move",AR06M3F1187FB38BED,8d2651e1-f539-4492-957a-8b4dc4c5d9b9,"Mississippi Fred McDowell",238.52363,0.603268921561,0.385305378334,51,37.0,32.0;645.0;3.0;24.0;146.0;28.0;2279.0;85.0;855.0;450.0;677.0;36.0;30.0;290.0;92.0;399.0;2120.0;1.0;11.0;35.0;16.0;196.0;47.0;664.0;9.0;43.0;108.0;166.0;48.0;193.0;1006.0;62.0;87.0;14.0;34.0;473.0;0.0;210.0;40.0;561.0;115.0;260.0;25.0;578.0;5.0;26.0]
[1964,TRRRNKB128E07827ED,"I'm Mad Again",SOMSVBQ12A6310D95D,"The Complete Animals",AR1VWD91187FB4CE99,4d8afa16-4018-4ca8-8b5e-ede8f9314562,"The Animals",258.14159,0.774529368358,0.482486802139,490,83.0;3.0;6.0;95.0;52.0;5.0;4.0;2.0,113.0;149.0;28.0;85.0;855.0;573.0;79.0;135.0;16.0;41.0;47.0;693.0;62.0;0.0]
[1964,TRFCWTM128E07827E6,"Blue Feeling",SOKOAYC12A6310D956,"The Complete Animals",AR1VWD91187FB4CE99,4d8afa16-4018-4ca8-8b5e-ede8f9314562,"The Animals",153.88689,0.774529368358,0.482486802139,550,83.0;3.0;6.0;95.0;52.0;5.0;4.0;2.0,113.0;149.0;28.0;85.0;855.0;573.0;79.0;135.0;16.0;41.0;47.0;693.0;62.0;0.0]
[1964,TRXWGZA128F9303F0C,"Baby Let Me Take You Home",SOEBWPL12A6310D958,"British Rock n Roll Anthology",AR1VWD91187FB4CE99,4d8afa16-4018-4ca8-8b5e-ede8f9314562,"The Animals",141.92281,0.774529368358,0.482486802139,3096,83.0;3.0;6.0;95.0;52.0;5.0;4.0;2.0,113.0;149.0;28.0;85.0;855.0;573.0;79.0;135.0;16.0;41.0;47.0;693.0;62.0;0.0]
[1964,TRXDOCO128E07827F7,"I've Been Around",SOFGJGX12A6310D962,"The Complete Animals",AR1VWD91187FB4CE99,4d8afa16-4018-4ca8-8b5e-ede8f9314562,"The Animals",96.78322,0.774529368358,0.482486802139,977,83.0;3.0;6.0;95.0;52.0;5.0;4.0;2.0,113.0;149.0;28.0;85.0;855.0;573.0;79.0;135.0;16.0;41.0;47.0;693.0;62.0;0.0]
[1964,TRTZJIR128E07827F1,"Bury My Body",SOIAVYJ12A6310D95E,"The Complete Animals",AR1VWD91187FB4CE99,4d8afa16-4018-4ca8-8b5e-ede8f9314562,"The Animals",172.72118,0.774529368358,0.482486802139,1032,83.0;3.0;6.0;95.0;52.0;5.0;4.0;2.0,113.0;149.0;28.0;85.0;855.0;573.0;79.0;135.0;16.0;41.0;47.0;693.0;62.0;0.0]
[1964,TRJTJMW128E07827F4,"Take It Easy",SOSDGYP12A6310D961,"The Complete Animals",AR1VWD91187FB4CE99,4d8afa16-4018-4ca8-8b5e-ede8f9314562,"The Animals",175.15057,0.774529368358,0.482486802139,160,83.0;3.0;6.0;95.0;52.0;5.0;4.0;2.0,113.0;149.0;28.0;85.0;855.0;573.0;79.0;135.0;16.0;41.0;47.0;693.0;62.0;0.0]
[1964,TRJFCEQ128E07824E2,"Talkin' 'Bout You",SOCBMBV12A6310E0D4,"The Singles Plus",AR1VWD91187FB4CE99,4d8afa16-4018-4ca8-8b5e-ede8f9314562,"The Animals",113.21424,0.774529368358,0.482486802139,188,83.0;3.0;6.0;95.0;52.0;5.0;4.0;2.0,113.0;149.0;28.0;85.0;855.0;573.0;79.0;135.0;16.0;41.0;47.0;693.0;62.0;0.0]
[1964,TRPWTQJ128E07827F2,"She Said Yeah",SOGUZBM12A6310D95F,"The Complete Animals",AR1VWD91187FB4CE99,4d8afa16-4018-4ca8-8b5e-ede8f9314562,"The Animals",141.84444,0.774529368358,0.482486802139,568,83.0;3.0;6.0;95.0;52.0;5.0;4.0;2.0,113.0;149.0;28.0;85.0;855.0;573.0;79.0;135.0;16.0;41.0;47.0;693.0;62.0;0.0]
[1964,TRIDSGX12903CB101C,"I'm Crying",SOTRBHF12A8C142F20,"The Best of Setco Vol. 46",AR1VWD91187FB4CE99,4d8afa16-4018-4ca8-8b5e-ede8f9314562,"The Animals",167.70567,0.774529368358,0.482486802139,2748,83.0;3.0;6.0;95.0;52.0;5.0;4.0;2.0,113.0;149.0;28.0;85.0;855.0;573.0;79.0;135.0;16.0;41.0;47.0;693.0;62.0;0.0]
[1964,TRJVREZ128F92F17A7,Diane,SOQFVEJ12A58A7F377,"Brit Rock",AR0XFXQ1187B98C49F,f74bc209-6ebd-4617-9485-6df184ab81e5,"The Bachelors",148.63628,0.498228623987,0.355847746543,38,86.0,113.0;54.0;149.0;573.0;690.0;30.0;464.0;248.0;1563.0;63.0;16.0;171.0;846.0;456.0;352.0;7.0;166.0;58.0;500.0;105.0;2.0;13.0;69.0;0.0;254.0;5.0;38.0;26.0]
[1964,TRMOJVU128F92F6071,"The Girl From Ipanema",SOXSLON12A8C142DB3,"South Of The Border",ARJUNZD1187B9A5DAE,012ef4f9-2d35-4000-86e5-bc761f87dab9,"Herb Alpert And The Tijuana Brass",165.32853,0.552416732219,0.481369053276,326,1.0;123.0,113.0;110.0;52.0;308.0;8.0;24.0;245.0;1002.0;74.0;45.0;181.0;297.0;63.0;9.0;43.0;837.0;7.0;39.0;175.0;93.0;166.0;124.0;329.0;226.0;105.0;219.0;100.0;2.0;355.0;0.0;258.0;136.0;131.0;65.0;612.0;159.0;1808.0;410.0]
[1964,TRRFHFO128F92F6076,"Mexican Shuffle",SOUDVFK12AB018A4F8,"South Of The Border",ARJUNZD1187B9A5DAE,012ef4f9-2d35-4000-86e5-bc761f87dab9,"Herb Alpert And The Tijuana Brass",136.14975,0.552416732219,0.481369053276,1113,1.0;123.0,113.0;110.0;52.0;308.0;8.0;24.0;245.0;1002.0;74.0;45.0;181.0;297.0;63.0;9.0;43.0;837.0;7.0;39.0;175.0;93.0;166.0;124.0;329.0;226.0;105.0;219.0;100.0;2.0;355.0;0.0;258.0;136.0;131.0;65.0;612.0;159.0;1808.0;410.0]
[1964,TRBRKGB128F92F607C,"Numero Cinco",SONPOQV12A8C142E38,"South Of The Border",ARJUNZD1187B9A5DAE,012ef4f9-2d35-4000-86e5-bc761f87dab9,"Herb Alpert And The Tijuana Brass",140.7473,0.552416732219,0.481369053276,289,1.0;123.0,113.0;110.0;52.0;308.0;8.0;24.0;245.0;1002.0;74.0;45.0;181.0;297.0;63.0;9.0;43.0;837.0;7.0;39.0;175.0;93.0;166.0;124.0;329.0;226.0;105.0;219.0;100.0;2.0;355.0;0.0;258.0;136.0;131.0;65.0;612.0;159.0;1808.0;410.0]
[1964,TROATND128F92F6072,"Hello_ Dolly!",SOWVAEM12A8C142DBA,"South Of The Border",ARJUNZD1187B9A5DAE,012ef4f9-2d35-4000-86e5-bc761f87dab9,"Herb Alpert And The Tijuana Brass",120.97261,0.552416732219,0.481369053276,20,1.0;123.0,113.0;110.0;52.0;308.0;8.0;24.0;245.0;1002.0;74.0;45.0;181.0;297.0;63.0;9.0;43.0;837.0;7.0;39.0;175.0;93.0;166.0;124.0;329.0;226.0;105.0;219.0;100.0;2.0;355.0;0.0;258.0;136.0;131.0;65.0;612.0;159.0;1808.0;410.0]
[1964,TRAVVSL128F92F607D,"Adios_ Mi Corazon",SOABVWD12A58A7C3FF,"South Of The Border",ARJUNZD1187B9A5DAE,012ef4f9-2d35-4000-86e5-bc761f87dab9,"Herb Alpert And The Tijuana Brass",163.94404,0.552416732219,0.481369053276,11,1.0;123.0,113.0;110.0;52.0;308.0;8.0;24.0;245.0;1002.0;74.0;45.0;181.0;297.0;63.0;9.0;43.0;837.0;7.0;39.0;175.0;93.0;166.0;124.0;329.0;226.0;105.0;219.0;100.0;2.0;355.0;0.0;258.0;136.0;131.0;65.0;612.0;159.0;1808.0;410.0]
[1964,TRYWICT128F92F6079,"All My Loving",SOHAFPU12A8C142E2B,"South Of The Border",ARJUNZD1187B9A5DAE,012ef4f9-2d35-4000-86e5-bc761f87dab9,"Herb Alpert And The Tijuana Brass",120.76363,0.552416732219,0.481369053276,26,1.0;123.0,113.0;110.0;52.0;308.0;8.0;24.0;245.0;1002.0;74.0;45.0;181.0;297.0;63.0;9.0;43.0;837.0;7.0;39.0;175.0;93.0;166.0;124.0;329.0;226.0;105.0;219.0;100.0;2.0;355.0;0.0;258.0;136.0;131.0;65.0;612.0;159.0;1808.0;410.0]
[1964,TREKLYZ128F92F6074,"I've Grown Accustomed To Her Face",SOBRWDW12A58A78DCD,"South Of The Border",ARJUNZD1187B9A5DAE,012ef4f9-2d35-4000-86e5-bc761f87dab9,"Herb Alpert And The Tijuana Brass",151.50975,0.552416732219,0.481369053276,4,1.0;123.0,113.0;110.0;52.0;308.0;8.0;24.0;245.0;1002.0;74.0;45.0;181.0;297.0;63.0;9.0;43.0;837.0;7.0;39.0;175.0;93.0;166.0;124.0;329.0;226.0;105.0;219.0;100.0;2.0;355.0;0.0;258.0;136.0;131.0;65.0;612.0;159.0;1808.0;410.0]
[1964,TRVSLEB128F92F6075,"Up Cherry Street",SOXWFMQ12A8C142DC6,"South Of The Border",ARJUNZD1187B9A5DAE,012ef4f9-2d35-4000-86e5-bc761f87dab9,"Herb Alpert And The Tijuana Brass",143.12444,0.552416732219,0.481369053276,5,1.0;123.0,113.0;110.0;52.0;308.0;8.0;24.0;245.0;1002.0;74.0;45.0;181.0;297.0;63.0;9.0;43.0;837.0;7.0;39.0;175.0;93.0;166.0;124.0;329.0;226.0;105.0;219.0;100.0;2.0;355.0;0.0;258.0;136.0;131.0;65.0;612.0;159.0;1808.0;410.0]
[1964,TRBYIOQ12903D04A8E,"Não Desanima João",SOFGBMM12AC960DEE9,"Sacundin Ben Samba",AR0Y6CY1187FB57349,a64448e7-8936-430c-ae77-9f556481a56b,"Jorge Ben",193.12281,0.641567966671,0.434326549699,46,134.0;20.0,102.0;322.0;3.0;919.0;54.0;785.0;128.0;28.0;661.0;214.0;339.0;33.0;152.0;36.0;51.0;23.0;17.0;46.0;63.0;10.0;1.0;16.0;27.0;94.0;185.0;180.0;42.0;4.0;6.0;132.0;7.0;139.0;39.0;175.0;378.0;1426.0;2.0;13.0;87.0;34.0;0.0;274.0;258.0;40.0;131.0;65.0;145.0;49.0;56.0;423.0]
[1964,TRPPUJW128F4257A13,"A Princesa e o Plebeu",SOIUQFW12A8AE4640B,"Favourites: From Samba Esquema Novo 1963 To Africa Brasil 1976",AR0Y6CY1187FB57349,a64448e7-8936-430c-ae77-9f556481a56b,"Jorge Ben",206.88934,0.641567966671,0.434326549699,55,134.0;20.0,102.0;322.0;3.0;919.0;54.0;785.0;128.0;28.0;661.0;214.0;339.0;33.0;152.0;36.0;51.0;23.0;17.0;46.0;63.0;10.0;1.0;16.0;27.0;94.0;185.0;180.0;42.0;4.0;6.0;132.0;7.0;139.0;39.0;175.0;378.0;1426.0;2.0;13.0;87.0;34.0;0.0;274.0;258.0;40.0;131.0;65.0;145.0;49.0;56.0;423.0]
[1964,TRCCSRJ128F147ED54,"My Lady's A Wild_ Flying Dove  (LP Version)",SOOPVDG12A6D4F98DA,"Ramblin' Boy",AR2JSO31187FB5405E,1880815f-5f43-4eba-9038-96ba0380134d,"Tom Paxton",193.09669,0.56913569618,0.434862890516,137,8.0,113.0;32.0;24.0;1580.0;265.0;28.0;237.0;240.0;36.0;584.0;30.0;290.0;92.0;328.0;399.0;63.0;357.0;16.0;1384.0;41.0;341.0;388.0;462.0;551.0;7.0;596.0;58.0;500.0;111.0;1131.0;190.0;1686.0;2.0;1302.0;0.0;220.0;40.0;19.0;578.0;570.0;1540.0;1485.0;26.0]
[1964,TRBDJIL128F92C46DC,"Mon amie la rose",SOIYQXO12A8C13A009,"Mon Amie La Rose",ARTMTWF1187B9B4AE9,d2a79d20-1304-47fd-a998-b4fe1ec78373,"Françoise Hardy",137.16853,0.630741653555,0.322921894115,222,18.0;16.0,113.0;110.0;52.0;32.0;506.0;8.0;54.0;214.0;121.0;116.0;45.0;36.0;23.0;63.0;1.0;21.0;88.0;90.0;35.0;16.0;53.0;489.0;27.0;185.0;20.0;130.0;4.0;9.0;12.0;132.0;7.0;93.0;37.0;280.0;105.0;2.0;13.0;87.0;34.0;0.0;141.0;40.0;65.0;38.0;26.0]
