Precision: 0.010473017332780022

Recall: 0.011052937754508432

F-Measure: 0.010259064096688818

False Positve Rate: 0.04149325178826605

True Positve Rate: 0.011052937754508432

Confusion metrics: 
0.0  0.0  0.0  0.0  0.0  0.0  0.0  0.0  0.0  0.0  0.0  0.0  0.0  ... (31 total)
0.0  2.0  1.0  0.0  0.0  1.0  0.0  2.0  1.0  0.0  0.0  0.0  0.0  ...
0.0  9.0  0.0  0.0  1.0  0.0  2.0  1.0  1.0  1.0  0.0  0.0  0.0  ...
0.0  2.0  1.0  0.0  0.0  1.0  0.0  0.0  1.0  1.0  0.0  1.0  0.0  ...
0.0  3.0  0.0  2.0  0.0  3.0  1.0  2.0  1.0  1.0  1.0  1.0  0.0  ...
0.0  3.0  0.0  2.0  2.0  0.0  0.0  4.0  2.0  1.0  0.0  1.0  1.0  ...
0.0  1.0  1.0  2.0  1.0  0.0  0.0  0.0  0.0  1.0  0.0  1.0  1.0  ...
0.0  1.0  2.0  0.0  0.0  0.0  4.0  0.0  3.0  1.0  2.0  0.0  0.0  ...
0.0  1.0  0.0  2.0  0.0  1.0  1.0  1.0  1.0  0.0  3.0  1.0  3.0  ...
0.0  1.0  0.0  1.0  0.0  0.0  0.0  2.0  2.0  0.0  2.0  1.0  0.0  ...
0.0  1.0  3.0  0.0  1.0  3.0  0.0  1.0  2.0  1.0  0.0  0.0  0.0  ...
0.0  0.0  0.0  0.0  2.0  1.0  0.0  5.0  1.0  0.0  1.0  1.0  2.0  ...
0.0  2.0  0.0  0.0  0.0  0.0  1.0  3.0  0.0  1.0  0.0  4.0  0.0  ...
0.0  0.0  0.0  0.0  0.0  3.0  0.0  2.0  0.0  1.0  2.0  1.0  1.0  ...
0.0  4.0  2.0  0.0  1.0  0.0  2.0  0.0  2.0  2.0  2.0  0.0  0.0  ...
0.0  2.0  0.0  3.0  0.0  2.0  2.0  1.0  0.0  0.0  0.0  2.0  1.0  ...
0.0  0.0  2.0  0.0  1.0  0.0  1.0  2.0  1.0  0.0  1.0  1.0  4.0  ...
1.0  1.0  0.0  1.0  0.0  0.0  2.0  2.0  0.0  3.0  1.0  0.0  1.0  ...
0.0  1.0  0.0  3.0  1.0  0.0  1.0  1.0  3.0  0.0  1.0  3.0  1.0  ...
0.0  4.0  0.0  0.0  2.0  0.0  0.0  0.0  2.0  2.0  1.0  2.0  2.0  ...
1.0  1.0  0.0  0.0  1.0  1.0  2.0  1.0  2.0  0.0  1.0  0.0  3.0  ...
0.0  0.0  0.0  1.0  0.0  0.0  1.0  0.0  2.0  3.0  1.0  0.0  0.0  ...
0.0  3.0  0.0  1.0  1.0  0.0  1.0  1.0  0.0  1.0  2.0  1.0  0.0  ...
0.0  1.0  1.0  1.0  0.0  2.0  1.0  0.0  2.0  1.0  0.0  0.0  1.0  ...
2.0  0.0  1.0  0.0  0.0  0.0  0.0  0.0  3.0  0.0  1.0  0.0  0.0  ...
0.0  1.0  0.0  0.0  0.0  0.0  1.0  2.0  3.0  0.0  2.0  0.0  1.0  ...
0.0  3.0  1.0  1.0  2.0  0.0  1.0  2.0  2.0  0.0  0.0  1.0  1.0  ...
0.0  4.0  0.0  0.0  5.0  0.0  1.0  0.0  0.0  1.0  0.0  0.0  2.0  ...
0.0  2.0  0.0  3.0  1.0  1.0  2.0  2.0  3.0  1.0  0.0  0.0  2.0  ...
1.0  3.0  0.0  1.0  0.0  2.0  0.0  0.0  1.0  1.0  1.0  1.0  1.0  ...
1.0  1.0  2.0  0.0  0.0  0.0  0.0  1.0  0.0  0.0  0.0  1.0  0.0  ...
